[
    {
        "id": 0,
        "img_name": "S1015372.jpg",
        "width": 4056,
        "height": 2015,
        "position": [
            -0.5425831079483032,
            18.41187858581543,
            118.29873657226562
        ],
        "rotation": [
            [
                -0.07373415678739548,
                0.9732797145843506,
                -0.21746444702148438
            ],
            [
                0.9972748756408691,
                0.07253473997116089,
                -0.013500705361366272
            ],
            [
                0.0026337713934481144,
                -0.21786656975746155,
                -0.9759758114814758
            ]
        ],
        "fy": 2384.114501953125,
        "fx": 2384.114501953125
    },
    {
        "id": 1,
        "img_name": "S1014532.jpg",
        "width": 4056,
        "height": 3040,
        "position": [
            -10.552421569824219,
            20.43614387512207,
            107.90193939208984
        ],
        "rotation": [
            [
                -0.5744220018386841,
                -0.1969590187072754,
                0.7945088744163513
            ],
            [
                -0.8184115886688232,
                0.1565639227628708,
                -0.5528919100761414
            ],
            [
                -0.015493806451559067,
                -0.9678293466567993,
                -0.25112712383270264
            ]
        ],
        "fy": 2384.114501953125,
        "fx": 2384.114501953125
    },
    {
        "id": 2,
        "img_name": "S1014940.jpg",
        "width": 4056,
        "height": 3040,
        "position": [
            -10.073864936828613,
            20.640520095825195,
            106.33617401123047
        ],
        "rotation": [
            [
                -0.9968925714492798,
                -0.029693104326725006,
                0.07296202331781387
            ],
            [
                -0.07687355577945709,
                0.5688580274581909,
                -0.8188351988792419
            ],
            [
                -0.01719127967953682,
                -0.8218995928764343,
                -0.5693729519844055
            ]
        ],
        "fy": 2384.114501953125,
        "fx": 2384.114501953125
    },
    {
        "id": 3,
        "img_name": "S1014991.jpg",
        "width": 4056,
        "height": 3040,
        "position": [
            -11.711313247680664,
            7.727160930633545,
            106.71434783935547
        ],
        "rotation": [
            [
                0.9980407953262329,
                0.06253154575824738,
                -0.00207548588514328
            ],
            [
                0.06253127008676529,
                -0.9980432391166687,
                -0.00024103408213704824
            ],
            [
                -0.0020862999372184277,
                0.00011081480624852702,
                -0.9999980926513672
            ]
        ],
        "fy": 2384.114501953125,
        "fx": 2384.114501953125
    },
    {
        "id": 4,
        "img_name": "S1014625.jpg",
        "width": 1623,
        "height": 930,
        "position": [
            9.516139030456543,
            11.471036911010742,
            116.25279235839844
        ],
        "rotation": [
            [
                0.9975852966308594,
                0.035734497010707855,
                -0.05955362692475319
            ],
            [
                0.06924915313720703,
                -0.577248215675354,
                0.8136282563209534
            ],
            [
                -0.0053040636703372,
                -0.8157876133918762,
                -0.5783287286758423
            ]
        ],
        "fy": 2384.114501953125,
        "fx": 2384.114501953125
    },
    {
        "id": 5,
        "img_name": "S1014818.jpg",
        "width": 1922,
        "height": 3040,
        "position": [
            -0.0999474823474884,
            18.212800979614258,
            118.37006378173828
        ],
        "rotation": [
            [
                0.9962589144706726,
                0.08637317270040512,
                -0.002819466171786189
            ],
            [
                0.08641808480024338,
                -0.9958396553993225,
                0.028833910822868347
            ],
            [
                -0.00031925708753988147,
                -0.028969936072826385,
                -0.9995785355567932
            ]
        ],
        "fy": 2384.114501953125,
        "fx": 2384.114501953125
    },
    {
        "id": 6,
        "img_name": "S1014688.jpg",
        "width": 1775,
        "height": 862,
        "position": [
            6.3583478927612305,
            11.823012351989746,
            115.86013793945312
        ],
        "rotation": [
            [
                0.9974060654640198,
                0.04097907990217209,
                -0.05917702615261078
            ],
            [
                0.07184766232967377,
                -0.616774320602417,
                0.7838534116744995
            ],
            [
                -0.0043774256482720375,
                -0.7860718369483948,
                -0.6181186437606812
            ]
        ],
        "fy": 2384.114501953125,
        "fx": 2384.114501953125
    },
    {
        "id": 7,
        "img_name": "S1015019.jpg",
        "width": 4056,
        "height": 3040,
        "position": [
            -15.28821086883545,
            14.834383964538574,
            107.76817321777344
        ],
        "rotation": [
            [
                0.9976657629013062,
                0.0682811513543129,
                0.0007967595010995865
            ],
            [
                0.0682636946439743,
                -0.9975699782371521,
                0.01380889117717743
            ],
            [
                0.001737000304274261,
                -0.013722166419029236,
                -0.9999025464057922
            ]
        ],
        "fy": 2384.114501953125,
        "fx": 2384.114501953125
    },
    {
        "id": 8,
        "img_name": "S1014659.jpg",
        "width": 1095,
        "height": 449,
        "position": [
            7.32570743560791,
            -1.401064395904541,
            113.61894226074219
        ],
        "rotation": [
            [
                0.9977708458900452,
                -0.00399760901927948,
                -0.06661397218704224
            ],
            [
                0.06514064967632294,
                -0.15845242142677307,
                0.9852162599563599
            ],
            [
                -0.014494679868221283,
                -0.9873591065406799,
                -0.15783870220184326
            ]
        ],
        "fy": 2384.114501953125,
        "fx": 2384.114501953125
    },
    {
        "id": 9,
        "img_name": "S1015287.jpg",
        "width": 843,
        "height": 1029,
        "position": [
            2.168508768081665,
            15.315292358398438,
            117.73216247558594
        ],
        "rotation": [
            [
                0.07292328774929047,
                -0.997103214263916,
                0.02161933109164238
            ],
            [
                -0.9973121881484985,
                -0.07305841892957687,
                -0.005533792078495026
            ],
            [
                0.007097206544131041,
                -0.021157631650567055,
                -0.9997509121894836
            ]
        ],
        "fy": 2384.114501953125,
        "fx": 2384.114501953125
    },
    {
        "id": 10,
        "img_name": "S1014701.jpg",
        "width": 1473,
        "height": 736,
        "position": [
            5.528915882110596,
            18.615482330322266,
            113.93550109863281
        ],
        "rotation": [
            [
                -0.9973975419998169,
                -0.014649275690317154,
                0.0705903172492981
            ],
            [
                -0.07000517100095749,
                0.43082892894744873,
                -0.8997142314910889
            ],
            [
                -0.017231831327080727,
                -0.9023147225379944,
                -0.4307330548763275
            ]
        ],
        "fy": 2384.114501953125,
        "fx": 2384.114501953125
    },
    {
        "id": 11,
        "img_name": "S1015190.jpg",
        "width": 4056,
        "height": 3040,
        "position": [
            -9.264127731323242,
            8.262577056884766,
            118.02499389648438
        ],
        "rotation": [
            [
                -0.06418438255786896,
                0.995395839214325,
                -0.0711812973022461
            ],
            [
                0.9979368448257446,
                0.06410937756299973,
                -0.003350265324115753
            ],
            [
                0.0012284860713407397,
                -0.07124927639961243,
                -0.9974570274353027
            ]
        ],
        "fy": 2384.114501953125,
        "fx": 2384.114501953125
    },
    {
        "id": 12,
        "img_name": "S1014864.jpg",
        "width": 2408,
        "height": 3040,
        "position": [
            -1.6529556512832642,
            -0.10040195286273956,
            108.79138946533203
        ],
        "rotation": [
            [
                0.9962459802627563,
                -0.014750350266695023,
                -0.08530132472515106
            ],
            [
                0.08553066104650497,
                0.015683963894844055,
                0.9962117075920105
            ],
            [
                -0.013357703574001789,
                -0.9997677803039551,
                0.01688666269183159
            ]
        ],
        "fy": 2384.114501953125,
        "fx": 2384.114501953125
    },
    {
        "id": 13,
        "img_name": "S1014416.jpg",
        "width": 4056,
        "height": 2219,
        "position": [
            -4.704075813293457,
            19.548294067382812,
            115.69558715820312
        ],
        "rotation": [
            [
                -0.7306591868400574,
                0.1858295500278473,
                -0.6569647192955017
            ],
            [
                0.6826658844947815,
                0.18459661304950714,
                -0.7070292234420776
            ],
            [
                -0.0101139722391963,
                -0.9650856852531433,
                -0.26173561811447144
            ]
        ],
        "fy": 2384.114501953125,
        "fx": 2384.114501953125
    },
    {
        "id": 14,
        "img_name": "S1014549.jpg",
        "width": 4056,
        "height": 3040,
        "position": [
            -9.74241828918457,
            1.0178043842315674,
            107.649169921875
        ],
        "rotation": [
            [
                0.9295337200164795,
                -0.1070685163140297,
                0.35285070538520813
            ],
            [
                -0.3683490753173828,
                -0.225711852312088,
                0.9018721580505371
            ],
            [
                -0.016920441761612892,
                -0.9682928323745728,
                -0.2492455244064331
            ]
        ],
        "fy": 2384.114501953125,
        "fx": 2384.114501953125
    },
    {
        "id": 15,
        "img_name": "S1015309.jpg",
        "width": 4056,
        "height": 2549,
        "position": [
            -12.858710289001465,
            13.921297073364258,
            115.95262145996094
        ],
        "rotation": [
            [
                0.07818477600812912,
                -0.5988987684249878,
                0.7969985008239746
            ],
            [
                -0.9969139099121094,
                -0.041367143392562866,
                0.06671052426099777
            ],
            [
                -0.006982189603149891,
                -0.7997548580169678,
                -0.6002845764160156
            ]
        ],
        "fy": 2384.114501953125,
        "fx": 2384.114501953125
    },
    {
        "id": 16,
        "img_name": "S1014598.jpg",
        "width": 4056,
        "height": 3040,
        "position": [
            -14.619272232055664,
            10.617576599121094,
            105.86371612548828
        ],
        "rotation": [
            [
                -0.12513530254364014,
                -0.24934956431388855,
                0.9602949619293213
            ],
            [
                -0.9920499920845032,
                0.044483482837677,
                -0.11772256344556808
            ],
            [
                -0.013364345766603947,
                -0.9673916697502136,
                -0.2529338002204895
            ]
        ],
        "fy": 2384.114501953125,
        "fx": 2384.114501953125
    },
    {
        "id": 17,
        "img_name": "S1014706.jpg",
        "width": 1455,
        "height": 683,
        "position": [
            5.513932228088379,
            18.453201293945312,
            148.62112426757812
        ],
        "rotation": [
            [
                -0.9977118968963623,
                0.0158500075340271,
                0.06574887037277222
            ],
            [
                -0.06581637263298035,
                -0.00377742201089859,
                -0.9978255033493042
            ],
            [
                -0.015565554611384869,
                -0.9998680949211121,
                0.004810322541743517
            ]
        ],
        "fy": 2384.114501953125,
        "fx": 2384.114501953125
    },
    {
        "id": 18,
        "img_name": "S1015197.jpg",
        "width": 4056,
        "height": 1863,
        "position": [
            -14.729509353637695,
            7.734006881713867,
            113.19735717773438
        ],
        "rotation": [
            [
                0.08195052295923233,
                -0.1457289159297943,
                0.9859240651130676
            ],
            [
                -0.9964907765388489,
                0.004905536770820618,
                0.08355315029621124
            ],
            [
                -0.017012296244502068,
                -0.9893118739128113,
                -0.14481517672538757
            ]
        ],
        "fy": 2384.114501953125,
        "fx": 2384.114501953125
    },
    {
        "id": 19,
        "img_name": "S1014411.jpg",
        "width": 4056,
        "height": 2264,
        "position": [
            -9.527057647705078,
            20.523601531982422,
            115.44013214111328
        ],
        "rotation": [
            [
                -0.9441036581993103,
                -0.07301643490791321,
                0.3214554190635681
            ],
            [
                -0.32928165793418884,
                0.2545798122882843,
                -0.9092642068862915
            ],
            [
                -0.015444556251168251,
                -0.9642906188964844,
                -0.26439157128334045
            ]
        ],
        "fy": 2384.114501953125,
        "fx": 2384.114501953125
    },
    {
        "id": 20,
        "img_name": "S1014863.jpg",
        "width": 2572,
        "height": 3040,
        "position": [
            -1.717668890953064,
            -0.10765467584133148,
            110.27886962890625
        ],
        "rotation": [
            [
                0.9955004453659058,
                -0.016567351296544075,
                -0.09329724311828613
            ],
            [
                0.09311528503894806,
                -0.011434277519583702,
                0.9955892562866211
            ],
            [
                -0.017560062929987907,
                -0.9997970461845398,
                -0.009840247221291065
            ]
        ],
        "fy": 2384.114501953125,
        "fx": 2384.114501953125
    },
    {
        "id": 21,
        "img_name": "S1015251.jpg",
        "width": 4056,
        "height": 511,
        "position": [
            1.0547821521759033,
            12.37385082244873,
            117.3299331665039
        ],
        "rotation": [
            [
                -0.07193449884653091,
                0.9973955750465393,
                -0.005367592442780733
            ],
            [
                0.9974042773246765,
                0.07194989919662476,
                0.0029864609241485596
            ],
            [
                0.0033647038508206606,
                -0.00513884425163269,
                -0.9999824166297913
            ]
        ],
        "fy": 2384.114501953125,
        "fx": 2384.114501953125
    },
    {
        "id": 22,
        "img_name": "S1014535.jpg",
        "width": 4056,
        "height": 3040,
        "position": [
            -13.25829792022705,
            17.172121047973633,
            108.41959381103516
        ],
        "rotation": [
            [
                -0.10596179962158203,
                -0.2475709766149521,
                0.9630578756332397
            ],
            [
                -0.9942930340766907,
                0.038435786962509155,
                -0.09951823949813843
            ],
            [
                -0.012377762235701084,
                -0.9681069850921631,
                -0.2502307891845703
            ]
        ],
        "fy": 2384.114501953125,
        "fx": 2384.114501953125
    },
    {
        "id": 23,
        "img_name": "S1015375.jpg",
        "width": 4056,
        "height": 3035,
        "position": [
            2.6698827743530273,
            18.61738395690918,
            116.40687561035156
        ],
        "rotation": [
            [
                -0.07412119209766388,
                0.6767457127571106,
                -0.7324769496917725
            ],
            [
                0.9972296953201294,
                0.04564421623945236,
                -0.0587398037314415
            ],
            [
                -0.006318448111414909,
                -0.7348012328147888,
                -0.6782541275024414
            ]
        ],
        "fy": 2384.114501953125,
        "fx": 2384.114501953125
    },
    {
        "id": 24,
        "img_name": "S1014622.jpg",
        "width": 1546,
        "height": 1158,
        "position": [
            9.564895629882812,
            12.3001708984375,
            117.04122924804688
        ],
        "rotation": [
            [
                0.9980821013450623,
                0.04539455473423004,
                -0.04208879917860031
            ],
            [
                0.06186828017234802,
                -0.7546977996826172,
                0.6531517505645752
            ],
            [
                -0.0021135639399290085,
                -0.6545029878616333,
                -0.7560587525367737
            ]
        ],
        "fy": 2384.114501953125,
        "fx": 2384.114501953125
    },
    {
        "id": 25,
        "img_name": "S1014681.jpg",
        "width": 1629,
        "height": 459,
        "position": [
            6.5946431159973145,
            10.872093200683594,
            116.54701232910156
        ],
        "rotation": [
            [
                0.9976240396499634,
                0.05410098284482956,
                -0.042655058205127716
            ],
            [
                0.06888541579246521,
                -0.7925180196762085,
                0.6059427261352539
            ],
            [
                -0.0010225145379081368,
                -0.607441246509552,
                -0.7943618297576904
            ]
        ],
        "fy": 2384.114501953125,
        "fx": 2384.114501953125
    },
    {
        "id": 26,
        "img_name": "S1014547.jpg",
        "width": 4056,
        "height": 3040,
        "position": [
            -11.506548881530762,
            1.280531406402588,
            108.80011749267578
        ],
        "rotation": [
            [
                0.6893848180770874,
                -0.19335293769836426,
                0.6981141567230225
            ],
            [
                -0.724224865436554,
                -0.16306549310684204,
                0.6700059771537781
            ],
            [
                -0.015708323568105698,
                -0.9674835205078125,
                -0.252445787191391
            ]
        ],
        "fy": 2384.114501953125,
        "fx": 2384.114501953125
    },
    {
        "id": 27,
        "img_name": "S1014596.jpg",
        "width": 4056,
        "height": 3040,
        "position": [
            -14.502273559570312,
            7.455036163330078,
            106.28530883789062
        ],
        "rotation": [
            [
                -0.0792672261595726,
                -0.2527989149093628,
                0.9642664790153503
            ],
            [
                -0.9967491626739502,
                0.03410535305738449,
                -0.07299599051475525
            ],
            [
                -0.014433065429329872,
                -0.9669176936149597,
                -0.2546807825565338
            ]
        ],
        "fy": 2384.114501953125,
        "fx": 2384.114501953125
    },
    {
        "id": 28,
        "img_name": "S1014708.jpg",
        "width": 1665,
        "height": 752,
        "position": [
            5.423800945281982,
            18.488052368164062,
            145.75198364257812
        ],
        "rotation": [
            [
                -0.9970118403434753,
                0.01584012061357498,
                0.07560320198535919
            ],
            [
                -0.07571371644735336,
                -0.006501063704490662,
                -0.9971082806587219
            ],
            [
                -0.015303201973438263,
                -0.9998531937599182,
                0.007681414484977722
            ]
        ],
        "fy": 2384.114501953125,
        "fx": 2384.114501953125
    },
    {
        "id": 29,
        "img_name": "S1015199.jpg",
        "width": 4056,
        "height": 3040,
        "position": [
            -14.806323051452637,
            7.7662458419799805,
            108.73957824707031
        ],
        "rotation": [
            [
                0.07034414261579514,
                2.0325183868408203e-05,
                0.997523307800293
            ],
            [
                -0.9973843693733215,
                0.016683489084243774,
                0.07033441215753555
            ],
            [
                -0.01664053462445736,
                -0.9998613595962524,
                0.0011934521608054638
            ]
        ],
        "fy": 2384.114501953125,
        "fx": 2384.114501953125
    },
    {
        "id": 30,
        "img_name": "S1014998.jpg",
        "width": 4056,
        "height": 3040,
        "position": [
            -12.516121864318848,
            12.676839828491211,
            108.40382385253906
        ],
        "rotation": [
            [
                0.9979989528656006,
                0.06313344091176987,
                -0.00347517104819417
            ],
            [
                0.06315083056688309,
                -0.997991144657135,
                0.005174785852432251
            ],
            [
                -0.003142195288091898,
                -0.005383937619626522,
                -0.9999812245368958
            ]
        ],
        "fy": 2384.114501953125,
        "fx": 2384.114501953125
    },
    {
        "id": 31,
        "img_name": "S1015134.jpg",
        "width": 4056,
        "height": 1039,
        "position": [
            -0.0468142032623291,
            6.158189296722412,
            117.32493591308594
        ],
        "rotation": [
            [
                -0.08213742077350616,
                0.9966139793395996,
                -0.0036989119835197926
            ],
            [
                0.9966206550598145,
                0.08213977515697479,
                0.00042390450835227966
            ],
            [
                0.0007272835355252028,
                -0.0036517151165753603,
                -0.9999927878379822
            ]
        ],
        "fy": 2384.114501953125,
        "fx": 2384.114501953125
    },
    {
        "id": 32,
        "img_name": "S1014774.jpg",
        "width": 45,
        "height": 297,
        "position": [
            1.4113779067993164,
            -0.81478351354599,
            103.5581283569336
        ],
        "rotation": [
            [
                0.9973971843719482,
                0.019198324531316757,
                -0.06950036436319351
            ],
            [
                0.0709248036146164,
                -0.4347848892211914,
                0.8977367877960205
            ],
            [
                -0.012982675805687904,
                -0.9003294706344604,
                -0.4350148141384125
            ]
        ],
        "fy": 2384.114501953125,
        "fx": 2384.114501953125
    },
    {
        "id": 33,
        "img_name": "S1015223.jpg",
        "width": 4056,
        "height": 3040,
        "position": [
            -14.347875595092773,
            10.784103393554688,
            105.96627044677734
        ],
        "rotation": [
            [
                0.08191408962011337,
                0.004198834300041199,
                0.9966301918029785
            ],
            [
                -0.9965081214904785,
                0.01654929667711258,
                0.08183383196592331
            ],
            [
                -0.016150271520018578,
                -0.9998539686203003,
                0.005540195852518082
            ]
        ],
        "fy": 2384.114501953125,
        "fx": 2384.114501953125
    },
    {
        "id": 34,
        "img_name": "S1014463.jpg",
        "width": 4056,
        "height": 2258,
        "position": [
            -13.296380043029785,
            14.696478843688965,
            112.88066101074219
        ],
        "rotation": [
            [
                -0.13505882024765015,
                -0.24661007523536682,
                0.9596574306488037
            ],
            [
                -0.9906440377235413,
                0.05274234712123871,
                -0.12586627900600433
            ],
            [
                -0.019574660807847977,
                -0.9676783084869385,
                -0.25142592191696167
            ]
        ],
        "fy": 2384.114501953125,
        "fx": 2384.114501953125
    },
    {
        "id": 35,
        "img_name": "S1014811.jpg",
        "width": 2084,
        "height": 2434,
        "position": [
            0.4001516103744507,
            12.21886157989502,
            115.1222152709961
        ],
        "rotation": [
            [
                0.9973477721214294,
                0.022113431245088577,
                -0.06934335082769394
            ],
            [
                0.07138511538505554,
                -0.48308199644088745,
                0.8726596236228943
            ],
            [
                -0.01420106366276741,
                -0.875295102596283,
                -0.4833793342113495
            ]
        ],
        "fy": 2384.114501953125,
        "fx": 2384.114501953125
    },
    {
        "id": 36,
        "img_name": "S1015133.jpg",
        "width": 4056,
        "height": 1795,
        "position": [
            -1.804558515548706,
            6.00618839263916,
            117.32875061035156
        ],
        "rotation": [
            [
                -0.08160148561000824,
                0.9966568946838379,
                -0.0038066438864916563
            ],
            [
                0.9966641068458557,
                0.08160346001386642,
                -8.764117956161499e-05
            ],
            [
                0.00022203850676305592,
                -0.0038013167213648558,
                -0.9999909400939941
            ]
        ],
        "fy": 2384.114501953125,
        "fx": 2384.114501953125
    },
    {
        "id": 37,
        "img_name": "S1014464.jpg",
        "width": 4056,
        "height": 2199,
        "position": [
            -13.942368507385254,
            12.462021827697754,
            112.962158203125
        ],
        "rotation": [
            [
                -0.054928380995988846,
                -0.24975210428237915,
                0.9667513370513916
            ],
            [
                -0.9983173608779907,
                0.03179166465997696,
                -0.04850795120000839
            ],
            [
                -0.018620332702994347,
                -0.9677884578704834,
                -0.25107863545417786
            ]
        ],
        "fy": 2384.114501953125,
        "fx": 2384.114501953125
    },
    {
        "id": 38,
        "img_name": "S1015224.jpg",
        "width": 4056,
        "height": 3040,
        "position": [
            -14.381521224975586,
            10.78289794921875,
            107.6731185913086
        ],
        "rotation": [
            [
                0.08226392418146133,
                0.005278244614601135,
                0.9965968728065491
            ],
            [
                -0.9964859485626221,
                0.016265392303466797,
                0.08216893672943115
            ],
            [
                -0.015775900334119797,
                -0.9998539686203003,
                0.00659748213365674
            ]
        ],
        "fy": 2384.114501953125,
        "fx": 2384.114501953125
    },
    {
        "id": 39,
        "img_name": "S1014540.jpg",
        "width": 4056,
        "height": 3040,
        "position": [
            -14.387561798095703,
            9.12888240814209,
            108.38248443603516
        ],
        "rotation": [
            [
                -0.09007582068443298,
                -0.2444482445716858,
                0.9654691815376282
            ],
            [
                -0.9958248138427734,
                0.036506593227386475,
                -0.0836644396185875
            ],
            [
                -0.01479443721473217,
                -0.9689746499061584,
                -0.24671584367752075
            ]
        ],
        "fy": 2384.114501953125,
        "fx": 2384.114501953125
    },
    {
        "id": 40,
        "img_name": "S1014932.jpg",
        "width": 4056,
        "height": 3040,
        "position": [
            -10.055913925170898,
            20.62012481689453,
            107.69862365722656
        ],
        "rotation": [
            [
                -0.9972929954528809,
                -0.07244537025690079,
                0.012562111020088196
            ],
            [
                -0.07350984960794449,
                0.9787915945053101,
                -0.19121523201465607
            ],
            [
                0.0015574919525533915,
                -0.1916210651397705,
                -0.9814675450325012
            ]
        ],
        "fy": 2384.114501953125,
        "fx": 2384.114501953125
    },
    {
        "id": 41,
        "img_name": "S1015300.jpg",
        "width": 4056,
        "height": 2894,
        "position": [
            -4.241534233093262,
            15.013392448425293,
            116.67799377441406
        ],
        "rotation": [
            [
                -0.07102099061012268,
                0.5775331258773804,
                -0.8132727146148682
            ],
            [
                0.9973464608192444,
                0.028005190193653107,
                -0.06720734387636185
            ],
            [
                -0.01603742130100727,
                -0.8158872723579407,
                -0.5779895782470703
            ]
        ],
        "fy": 2384.114501953125,
        "fx": 2384.114501953125
    },
    {
        "id": 42,
        "img_name": "S1014591.jpg",
        "width": 4056,
        "height": 3040,
        "position": [
            -13.03945255279541,
            1.4572830200195312,
            105.51991271972656
        ],
        "rotation": [
            [
                0.5500612854957581,
                -0.22042343020439148,
                0.8055095076560974
            ],
            [
                -0.8350213170051575,
                -0.13004207611083984,
                0.5346280336380005
            ],
            [
                -0.013093290850520134,
                -0.96669602394104,
                -0.2555893659591675
            ]
        ],
        "fy": 2384.114501953125,
        "fx": 2384.114501953125
    },
    {
        "id": 43,
        "img_name": "S1015289.jpg",
        "width": 4056,
        "height": 1537,
        "position": [
            -1.007987380027771,
            14.953341484069824,
            117.82063293457031
        ],
        "rotation": [
            [
                0.06968845427036285,
                -0.9975371360778809,
                0.007893410511314869
            ],
            [
                -0.9975524544715881,
                -0.06972870975732803,
                -0.005074881017208099
            ],
            [
                0.005613736342638731,
                -0.007520387880504131,
                -0.9999549984931946
            ]
        ],
        "fy": 2384.114501953125,
        "fx": 2384.114501953125
    },
    {
        "id": 44,
        "img_name": "S1014418.jpg",
        "width": 4056,
        "height": 2142,
        "position": [
            -3.421830177307129,
            17.402132034301758,
            115.26740264892578
        ],
        "rotation": [
            [
                -0.37815162539482117,
                0.24457105994224548,
                -0.8928525447845459
            ],
            [
                0.9256977438926697,
                0.09033112227916718,
                -0.36731934547424316
            ],
            [
                -0.009183903224766254,
                -0.9654143452644348,
                -0.26055747270584106
            ]
        ],
        "fy": 2384.114501953125,
        "fx": 2384.114501953125
    },
    {
        "id": 45,
        "img_name": "S1014509.jpg",
        "width": 4056,
        "height": 2956,
        "position": [
            -14.532869338989258,
            5.121673583984375,
            111.21539306640625
        ],
        "rotation": [
            [
                -0.042908500880002975,
                -0.2572667896747589,
                0.9653874039649963
            ],
            [
                -0.9989465475082397,
                0.026787590235471725,
                -0.03726150840520859
            ],
            [
                -0.01627463288605213,
                -0.9659692049026489,
                -0.2581453025341034
            ]
        ],
        "fy": 2384.114501953125,
        "fx": 2384.114501953125
    },
    {
        "id": 46,
        "img_name": "S1015349.jpg",
        "width": 4056,
        "height": 3040,
        "position": [
            -10.934976577758789,
            17.16782569885254,
            107.93730926513672
        ],
        "rotation": [
            [
                0.08109569549560547,
                -0.9966805577278137,
                0.0070715700276196
            ],
            [
                -0.9967054724693298,
                -0.081087127327919,
                0.0013147443532943726
            ],
            [
                -0.0007370453095063567,
                -0.007154928520321846,
                -0.9999728798866272
            ]
        ],
        "fy": 2384.114501953125,
        "fx": 2384.114501953125
    },
    {
        "id": 47,
        "img_name": "S1014451.jpg",
        "width": 2193,
        "height": 1257,
        "position": [
            9.54118537902832,
            17.561262130737305,
            152.849853515625
        ],
        "rotation": [
            [
                -0.9816417694091797,
                0.060763221234083176,
                -0.18078762292861938
            ],
            [
                0.19021420180797577,
                0.24253790080547333,
                -0.9513109922409058
            ],
            [
                -0.013956489972770214,
                -0.9682366847991943,
                -0.2496422976255417
            ]
        ],
        "fy": 2384.114501953125,
        "fx": 2384.114501953125
    },
    {
        "id": 48,
        "img_name": "S1015211.jpg",
        "width": 4056,
        "height": 3040,
        "position": [
            -15.727364540100098,
            7.6731109619140625,
            107.81995391845703
        ],
        "rotation": [
            [
                0.07272453606128693,
                -0.9973459839820862,
                -0.0034286975860595703
            ],
            [
                -0.9973517060279846,
                -0.07272128760814667,
                -0.0009385459125041962
            ],
            [
                0.0006868898635730147,
                0.003488020971417427,
                -0.9999933838844299
            ]
        ],
        "fy": 2384.114501953125,
        "fx": 2384.114501953125
    },
    {
        "id": 49,
        "img_name": "S1014797.jpg",
        "width": 1316,
        "height": 3040,
        "position": [
            0.48932087421417236,
            8.427680969238281,
            117.28791046142578
        ],
        "rotation": [
            [
                -0.996766209602356,
                -0.07976045459508896,
                -0.009815567173063755
            ],
            [
                -0.07966479659080505,
                0.9967737197875977,
                -0.009777102619409561
            ],
            [
                0.010563693009316921,
                -0.00896583404392004,
                -0.9999043941497803
            ]
        ],
        "fy": 2384.114501953125,
        "fx": 2384.114501953125
    },
    {
        "id": 50,
        "img_name": "S1015106.jpg",
        "width": 4056,
        "height": 3040,
        "position": [
            -15.339302062988281,
            4.455522060394287,
            106.10384368896484
        ],
        "rotation": [
            [
                0.06573818624019623,
                0.00787074863910675,
                0.9978057742118835
            ],
            [
                -0.9977741241455078,
                0.01171870157122612,
                0.06564339995384216
            ],
            [
                -0.011176466941833496,
                -0.9999002814292908,
                0.00862367544323206
            ]
        ],
        "fy": 2384.114501953125,
        "fx": 2384.114501953125
    },
    {
        "id": 51,
        "img_name": "S1014480.jpg",
        "width": 1991,
        "height": 2265,
        "position": [
            -2.061173915863037,
            -0.20907938480377197,
            112.37071228027344
        ],
        "rotation": [
            [
                0.9532666802406311,
                -0.09253756701946259,
                0.2876100242137909
            ],
            [
                -0.30154818296432495,
                -0.23234865069389343,
                0.9247063398361206
            ],
            [
                -0.01874415948987007,
                -0.9682201147079468,
                -0.24939440190792084
            ]
        ],
        "fy": 2384.114501953125,
        "fx": 2384.114501953125
    },
    {
        "id": 52,
        "img_name": "S1014662.jpg",
        "width": 838,
        "height": 3040,
        "position": [
            7.3733320236206055,
            -1.4193711280822754,
            116.25529479980469
        ],
        "rotation": [
            [
                0.9980832934379578,
                0.03493679687380791,
                -0.05108025297522545
            ],
            [
                0.06080643832683563,
                -0.7071207761764526,
                0.7044734954833984
