[
    {
        "id": 0,
        "img_name": "DJI_20240909090859_0730_V.jpg",
        "width": 1844,
        "height": 650,
        "position": [
            11.900452613830566,
            -46.738399505615234,
            31.675064086914062
        ],
        "rotation": [
            [
                0.994320273399353,
                0.07912400364875793,
                -0.07117824256420135
            ],
            [
                0.10639533400535583,
                -0.7558605074882507,
                0.646030068397522
            ],
            [
                -0.002685345709323883,
                -0.6499339938163757,
                -0.7599859833717346
            ]
        ],
        "fy": 3715.36572265625,
        "fx": 3715.36572265625
    },
    {
        "id": 1,
        "img_name": "DJI_20240909090026_0381_V.jpg",
        "width": 889,
        "height": 1094,
        "position": [
            -5.102512359619141,
            -20.92532730102539,
            27.36829376220703
        ],
        "rotation": [
            [
                0.9839898347854614,
                0.12757709622383118,
                -0.12445156276226044
            ],
            [
                0.17819522321224213,
                -0.6915283799171448,
                0.700025737285614
            ],
            [
                0.003245630534365773,
                -0.7109949588775635,
                -0.7031905651092529
            ]
        ],
        "fy": 3715.36572265625,
        "fx": 3715.36572265625
    },
    {
        "id": 2,
        "img_name": "DJI_20240909085911_0307_V.jpg",
        "width": 1018,
        "height": 1333,
        "position": [
            -50.819358825683594,
            38.722930908203125,
            23.676151275634766
        ],
        "rotation": [
            [
                -0.4648049473762512,
                -0.5403482913970947,
                0.7014126777648926
            ],
            [
                -0.885412871837616,
                0.28389883041381836,
                -0.36802908778190613
            ],
            [
                -0.0002664923667907715,
                -0.7921016216278076,
                -0.610388994216919
            ]
        ],
        "fy": 3715.36572265625,
        "fx": 3715.36572265625
    },
    {
        "id": 3,
        "img_name": "DJI_20240909085521_0095_V.jpg",
        "width": 226,
        "height": 413,
        "position": [
            -30.35921287536621,
            57.254173278808594,
            19.362030029296875
        ],
        "rotation": [
            [
                -0.9336252808570862,
                -0.1998758316040039,
                0.29730677604675293
            ],
            [
                -0.3582400381565094,
                0.5264749526977539,
                -0.7710300087928772
            ],
            [
                -0.0024141818284988403,
                -0.8263612985610962,
                -0.5631338953971863
            ]
        ],
        "fy": 3715.36572265625,
        "fx": 3715.36572265625
    },
    {
        "id": 4,
        "img_name": "DJI_20240909085738_0175_V.jpg",
        "width": 1783,
        "height": 1051,
        "position": [
            -37.573341369628906,
            -14.27893352508545,
            23.638534545898438
        ],
        "rotation": [
            [
                0.8183196783065796,
                -0.34638625383377075,
                0.458660751581192
            ],
            [
                -0.5747164487838745,
                -0.5033221244812012,
                0.6452652215957642
            ],
            [
                0.0073431432247161865,
                -0.7916330099105835,
                -0.6109522581100464
            ]
        ],
        "fy": 3715.36572265625,
        "fx": 3715.36572265625
    },
    {
        "id": 5,
        "img_name": "DJI_20240909085507_0075_V.jpg",
        "width": 73,
        "height": 33,
        "position": [
            2.508451461791992,
            57.59675216674805,
            19.354679107666016
        ],
        "rotation": [
            [
                -0.8970373868942261,
                0.250121533870697,
                -0.36436378955841064
            ],
            [
                0.4419460594654083,
                0.5033025145530701,
                -0.7425427436828613
            ],
            [
                -0.002340942621231079,
                -0.8271186351776123,
                -0.5620209574699402
            ]
        ],
        "fy": 3715.36572265625,
        "fx": 3715.36572265625
    },
    {
        "id": 6,
        "img_name": "DJI_20240909090944_0795_V.jpg",
        "width": 2510,
        "height": 338,
        "position": [
            18.988065719604492,
            34.797080993652344,
            31.699264526367188
        ],
        "rotation": [
            [
                -0.9536429047584534,
                0.22785910964012146,
                -0.19657617807388306
            ],
            [
                0.3009306788444519,
                0.7257201671600342,
                -0.6186845302581787
            ],
            [
                0.0016865466022863984,
                -0.6491609811782837,
                -0.7606473565101624
            ]
        ],
        "fy": 3715.36572265625,
        "fx": 3715.36572265625
    },
    {
        "id": 7,
        "img_name": "DJI_20240909085847_0273_V.jpg",
        "width": 394,
        "height": 655,
        "position": [
            -15.973601341247559,
            61.35836410522461,
            23.62841033935547
        ],
        "rotation": [
            [
                -0.9996148943901062,
                -0.01571252942085266,
                0.022824585437774658
            ],
            [
                -0.027671806514263153,
                0.6094236373901367,
                -0.792361319065094
            ],
            [
                -0.0014600912109017372,
                -0.79268878698349,
                -0.6096232533454895
            ]
        ],
        "fy": 3715.36572265625,
        "fx": 3715.36572265625
    },
    {
        "id": 8,
        "img_name": "DJI_20240909091235_0999_V.jpg",
        "width": 558,
        "height": 1602,
        "position": [
            -33.15446472167969,
            14.363663673400879,
            26.787010192871094
        ],
        "rotation": [
            [
                -0.4323781430721283,
                -0.6068753004074097,
                0.6668959259986877
            ],
            [
                -0.9016926288604736,
                0.29125434160232544,
                -0.3195655941963196
            ],
            [
                -0.00030091404914855957,
                -0.7395089864730835,
                -0.6731476783752441
            ]
        ],
        "fy": 3715.36572265625,
        "fx": 3715.36572265625
    },
    {
        "id": 9,
        "img_name": "DJI_20240909090318_0618_V.jpg",
        "width": 2222,
        "height": 1354,
        "position": [
            16.107210159301758,
            52.13111114501953,
            31.700580596923828
        ],
        "rotation": [
            [
                -0.7345815300941467,
                0.5048971176147461,
                -0.45328664779663086
            ],
            [
                0.678519606590271,
                0.547649085521698,
                -0.4895833134651184
            ],
            [
                0.0010528564453125,
                -0.6672027111053467,
                -0.7448751926422119
            ]
        ],
        "fy": 3715.36572265625,
        "fx": 3715.36572265625
    },
    {
        "id": 10,
        "img_name": "DJI_20240909090245_0570_V.jpg",
        "width": 875,
        "height": 1118,
        "position": [
            -1.209990382194519,
            -22.2357177734375,
            31.72559356689453
        ],
        "rotation": [
            [
                0.9596123695373535,
                0.21173332631587982,
                -0.18523795902729034
            ],
            [
                0.2812900245189667,
                -0.7116637229919434,
                0.6437497735023499
            ],
            [
                0.004476216156035662,
                -0.6698559522628784,
                -0.7424799203872681
            ]
        ],
        "fy": 3715.36572265625,
        "fx": 3715.36572265625
    },
    {
        "id": 11,
        "img_name": "DJI_20240909085908_0303_V.jpg",
        "width": 1319,
        "height": 1422,
        "position": [
            -48.20363235473633,
            43.14727783203125,
            23.687074661254883
        ],
        "rotation": [
            [
                -0.5593917369842529,
                -0.5058493614196777,
                0.6566563248634338
            ],
            [
                -0.8289035558700562,
                0.3411906659603119,
                -0.44329214096069336
            ],
            [
                0.00019374489784240723,
                -0.7922786474227905,
                -0.6101597547531128
            ]
        ],
        "fy": 3715.36572265625,
        "fx": 3715.36572265625
    },
    {
        "id": 12,
        "img_name": "DJI_20240909085906_0300_V.jpg",
        "width": 967,
        "height": 1439,
        "position": [
            -47.04248046875,
            44.78342056274414,
            23.70277214050293
        ],
        "rotation": [
            [
                -0.5885029435157776,
                -0.49431729316711426,
                0.6397742629051208
            ],
            [
                -0.8084900975227356,
                0.35760778188705444,
                -0.46739625930786133
            ],
            [
                0.0022542178630828857,
                -0.792316734790802,
                -0.6101035475730896
            ]
        ],
        "fy": 3715.36572265625,
        "fx": 3715.36572265625
    },
    {
        "id": 13,
        "img_name": "DJI_20240909091143_0925_V.jpg",
        "width": 519,
        "height": 640,
        "position": [
            45.04991912841797,
            -22.121530532836914,
            26.750690460205078
        ],
        "rotation": [
            [
                0.41012701392173767,
                0.6333838105201721,
                -0.6562182307243347
            ],
            [
                0.9120233058929443,
                -0.28233084082603455,
                0.2974933385848999
            ],
            [
                0.0031593739986419678,
                -0.7204965353012085,
                -0.6934530735015869
            ]
        ],
        "fy": 3715.36572265625,
        "fx": 3715.36572265625
    },
    {
        "id": 14,
        "img_name": "DJI_20240909085909_0304_V.jpg",
        "width": 884,
        "height": 1410,
        "position": [
            -48.837867736816406,
            42.19071578979492,
            23.681886672973633
        ],
        "rotation": [
            [
                -0.5397182106971741,
                -0.5137302875518799,
                0.6669197082519531
            ],
            [
                -0.8418434858322144,
                0.3291855752468109,
                -0.4277084469795227
            ],
            [
                0.0001874864101409912,
                -0.7922855615615845,
                -0.6101474165916443
            ]
        ],
        "fy": 3715.36572265625,
        "fx": 3715.36572265625
    },
    {
        "id": 15,
        "img_name": "DJI_20240909085829_0248_V.jpg",
        "width": 714,
        "height": 731,
        "position": [
            18.412668228149414,
            46.418251037597656,
            23.619625091552734
        ],
        "rotation": [
            [
                -0.6123586297035217,
                0.48496365547180176,
                -0.6243606805801392
            ],
            [
                0.790573000907898,
                0.37888380885124207,
                -0.48108339309692383
            ],
            [
                0.0032521337270736694,
                -0.7881984710693359,
                -0.6154118776321411
            ]
        ],
        "fy": 3715.36572265625,
        "fx": 3715.36572265625
    },
    {
        "id": 16,
        "img_name": "DJI_20240909085757_0202_V.jpg",
        "width": 962,
        "height": 1056,
        "position": [
            -4.367438316345215,
            -20.750877380371094,
            23.64178466796875
        ],
        "rotation": [
            [
                0.9865597486495972,
                0.10333000123500824,
                -0.1265806406736374
            ],
            [
                0.16335198283195496,
                -0.6047889590263367,
                0.7794530391693115
            ],
            [
                0.00398629903793335,
                -0.7896541357040405,
                -0.6135396361351013
            ]
        ],
        "fy": 3715.36572265625,
        "fx": 3715.36572265625
    },
    {
        "id": 17,
        "img_name": "DJI_20240909085448_0048_V.jpg",
        "width": 947,
        "height": 603,
        "position": [
            27.61985206604004,
            22.712472915649414,
            19.35542106628418
        ],
        "rotation": [
            [
                -0.008793764747679234,
                0.5620577931404114,
                -0.827051043510437
            ],
            [
                0.9999508857727051,
                0.001204758882522583,
                -0.009813487529754639
            ],
            [
                -0.004519499372690916,
                -0.8270970582962036,
                -0.5620406866073608
            ]
        ],
        "fy": 3715.36572265625,
        "fx": 3715.36572265625
    },
    {
        "id": 18,
        "img_name": "DJI_20240909090003_0349_V.jpg",
        "width": 1923,
        "height": 1033,
        "position": [
            -35.614707946777344,
            -15.638279914855957,
            27.374753952026367
        ],
        "rotation": [
            [
                0.8598754405975342,
                -0.35447853803634644,
                0.3673679530620575
            ],
            [
                -0.5104917287826538,
                -0.6020202040672302,
                0.6139789819717407
            ],
            [
                0.0035205185413360596,
                -0.7154836654663086,
                -0.6986206769943237
            ]
        ],
        "fy": 3715.36572265625,
        "fx": 3715.36572265625
    },
    {
        "id": 19,
        "img_name": "DJI_20240909090259_0590_V.jpg",
        "width": 1258,
        "height": 1896,
        "position": [
            26.13157844543457,
            0.6487048864364624,
            31.717182159423828
        ],
        "rotation": [
            [
                0.4380834400653839,
                0.6669989824295044,
                -0.6026574969291687
            ],
            [
                0.8989338874816895,
                -0.3259648084640503,
                0.29268836975097656
            ],
            [
                -0.001221966347657144,
                -0.6699708700180054,
                -0.7423877716064453
            ]
        ],
        "fy": 3715.36572265625,
        "fx": 3715.36572265625
    },
    {
        "id": 20,
        "img_name": "DJI_20240909091127_0903_V.jpg",
        "width": 1875,
        "height": 759,
        "position": [
            18.047679901123047,
            -45.4405403137207,
            26.79901123046875
        ],
        "rotation": [
            [
                0.9637649059295654,
                0.18612799048423767,
                -0.1910857856273651
            ],
            [
                0.26674941182136536,
                -0.6686283349990845,
                0.6941043734550476
            ],
            [
                0.0014271736145019531,
                -0.7199249863624573,
                -0.6940497756004333
            ]
        ],
        "fy": 3715.36572265625,
        "fx": 3715.36572265625
    },
    {
        "id": 21,
        "img_name": "DJI_20240909091006_0827_V.jpg",
        "width": 595,
        "height": 1654,
        "position": [
            -30.464637756347656,
            14.34565258026123,
            31.718965530395508
        ],
        "rotation": [
            [
                -0.46311160922050476,
                -0.676250696182251,
                0.5728983879089355
            ],
            [
                -0.8862952589988708,
                0.35147130489349365,
                -0.3015747666358948
            ],
            [
                0.0025839745067059994,
                -0.6474195718765259,
                -0.762127697467804
            ]
        ],
        "fy": 3715.36572265625,
        "fx": 3715.36572265625
    },
    {
        "id": 22,
        "img_name": "DJI_20240909090129_0471_V.jpg",
        "width": 579,
        "height": 963,
        "position": [
            -24.985109329223633,
            59.81587219238281,
            27.374984741210938
        ],
        "rotation": [
            [
                -0.9652016758918762,
                -0.1826673001050949,
                0.1871267706155777
            ],
            [
                -0.26150262355804443,
                0.6758641004562378,
                -0.6890744566917419
            ],
            [
                -0.0006011202931404114,
                -0.7140308022499084,
                -0.7001129388809204
            ]
        ],
        "fy": 3715.36572265625,
        "fx": 3715.36572265625
    },
    {
        "id": 23,
        "img_name": "DJI_20240909085425_0015_V.jpg",
        "width": 1932,
        "height": 1038,
        "position": [
            -30.627527236938477,
            -17.694305419921875,
            19.407245635986328
        ],
        "rotation": [
            [
                0.8681878447532654,
                -0.28180310130119324,
                0.40845686197280884
            ],
            [
                -0.49622225761413574,
                -0.48695915937423706,
                0.7187727689743042
            ],
            [
                -0.003650680184364319,
                -0.8267151117324829,
                -0.5626090168952942
            ]
        ],
        "fy": 3715.36572265625,
        "fx": 3715.36572265625
    },
    {
        "id": 24,
        "img_name": "DJI_20240909085729_0162_V.jpg",
        "width": 1771,
        "height": 1054,
        "position": [
            -37.53468322753906,
            -14.290751457214355,
            23.63689422607422
        ],
        "rotation": [
            [
                0.8123131394386292,
                -0.3544747829437256,
                0.4631359577178955
            ],
            [
                -0.5832111239433289,
                -0.4984286427497864,
                0.641430675983429
            ],
            [
                0.0034692883491516113,
                -0.7911486029624939,
                -0.6116137504577637
            ]
        ],
        "fy": 3715.36572265625,
        "fx": 3715.36572265625
    },
    {
        "id": 25,
        "img_name": "DJI_20240909090158_0513_V.jpg",
        "width": 1013,
        "height": 751,
        "position": [
            -52.393836975097656,
            2.6477317810058594,
            27.38912582397461
        ],
        "rotation": [
            [
                0.406078964471817,
                -0.6391869783401489,
                0.6531006693840027
            ],
            [
                -0.9138365983963013,
                -0.2826763391494751,
                0.29154354333877563
            ],
            [
                -0.0017349869012832642,
                -0.7152167558670044,
                -0.6989014148712158
            ]
        ],
        "fy": 3715.36572265625,
        "fx": 3715.36572265625
    },
    {
        "id": 26,
        "img_name": "DJI_20240909091244_1012_V.jpg",
        "width": 1267,
        "height": 1457,
        "position": [
            -38.851280212402344,
            -4.70475959777832,
            26.787630081176758
        ],
        "rotation": [
            [
                0.0026920365635305643,
                -0.664962112903595,
                0.7468739151954651
            ],
            [
                -0.9999890923500061,
                -0.004838496446609497,
                -0.0007011294364929199
            ],
            [
                0.004078969359397888,
                -0.7468629479408264,
                -0.6649683117866516
            ]
        ],
        "fy": 3715.36572265625,
        "fx": 3715.36572265625
    },
    {
        "id": 27,
        "img_name": "DJI_20240909090156_0510_V.jpg",
        "width": 974,
        "height": 771,
        "position": [
            -53.99348449707031,
            7.817699432373047,
            27.364532470703125
        ],
        "rotation": [
            [
                0.2863556742668152,
                -0.6716982126235962,
                0.6832431554794312
            ],
            [
                -0.9581228494644165,
                -0.20040512084960938,
                0.20454111695289612
            ],
            [
                -0.0004643052816390991,
                -0.713202714920044,
                -0.7009567022323608
            ]
        ],
        "fy": 3715.36572265625,
        "fx": 3715.36572265625
    },
    {
        "id": 28,
        "img_name": "DJI_20240909090159_0514_V.jpg",
        "width": 1041,
        "height": 749,
        "position": [
            -51.72076416015625,
            0.9697780609130859,
            27.388904571533203
        ],
        "rotation": [
            [
                0.443930983543396,
                -0.626160204410553,
                0.6409748792648315
            ],
            [
                -0.8960583209991455,
                -0.3083959221839905,
                0.319331556558609
            ],
            [
                -0.0022789090871810913,
                -0.716111958026886,
                -0.6979827284812927
            ]
        ],
        "fy": 3715.36572265625,
        "fx": 3715.36572265625
    },
    {
        "id": 29,
        "img_name": "DJI_20240909090242_0567_V.jpg",
        "width": 935,
        "height": 1071,
        "position": [
            -5.512117385864258,
            -23.32123374938965,
            31.730712890625
        ],
        "rotation": [
            [
                0.9821491837501526,
                0.14396150410175323,
                -0.12107080221176147
            ],
            [
                0.187975212931633,
                -0.7273619174957275,
                0.660010039806366
            ],
            [
                0.006953829433768988,
                -0.6709866523742676,
                -0.7414391040802002
            ]
        ],
        "fy": 3715.36572265625,
        "fx": 3715.36572265625
    },
    {
        "id": 30,
        "img_name": "DJI_20240909085721_0150_V.jpg",
        "width": 1560,
        "height": 1001,
        "position": [
            -43.274295806884766,
            -8.772711753845215,
            23.58077621459961
        ],
        "rotation": [
            [
                0.6937581896781921,
                -0.4409170150756836,
                0.5694665908813477
            ],
            [
                -0.7202075719833374,
                -0.42583367228507996,
                0.5476931929588318
            ],
            [
                0.0010104477405548096,
                -0.7901005744934082,
                -0.6129774451255798
            ]
        ],
        "fy": 3715.36572265625,
        "fx": 3715.36572265625
    },
    {
        "id": 31,
        "img_name": "DJI_20240909091149_0934_V.jpg",
        "width": 291,
        "height": 531,
        "position": [
            48.62502670288086,
            -7.163296699523926,
            26.7569522857666
        ],
        "rotation": [
            [
                0.05891016125679016,
                0.6934183239936829,
                -0.7181239128112793
            ],
            [
                0.9982624053955078,
                -0.03974634408950806,
                0.04351377487182617
            ],
            [
                0.001630675047636032,
                -0.7194389700889587,
                -0.6945549249649048
            ]
        ],
        "fy": 3715.36572265625,
        "fx": 3715.36572265625
    },
    {
        "id": 32,
        "img_name": "DJI_20240909090034_0393_V.jpg",
        "width": 740,
        "height": 1341,
        "position": [
            12.540611267089844,
            -12.802332878112793,
            27.41288948059082
        ],
        "rotation": [
            [
                0.8007262349128723,
                0.418235719203949,
                -0.42885440587997437
            ],
            [
                0.5990160703659058,
                -0.5639821290969849,
                0.5684216022491455
            ],
            [
                -0.0041322228498756886,
                -0.7120411396026611,
                -0.7021253705024719
            ]
        ],
        "fy": 3715.36572265625,
        "fx": 3715.36572265625
    },
    {
        "id": 33,
        "img_name": "DJI_20240909091247_1017_V.jpg",
        "width": 1466,
        "height": 1125,
        "position": [
            -38.07902908325195,
            -13.77058219909668,
            26.813709259033203
        ],
        "rotation": [
            [
                0.1979869306087494,
                -0.6496763825416565,
                0.7339761257171631
            ],
            [
                -0.9801918268203735,
                -0.13499027490615845,
                0.1449146270751953
            ],
            [
                0.0049321651458740234,
                -0.7481287717819214,
                -0.6635334491729736
            ]
        ],
        "fy": 3715.36572265625,
        "fx": 3715.36572265625
    },
    {
        "id": 34,
        "img_name": "DJI_20240909091146_0930_V.jpg",
        "width": 380,
        "height": 585,
        "position": [
            47.640323638916016,
            -14.177377700805664,
            26.75888442993164
        ],
        "rotation": [
            [
                0.22311337292194366,
                0.6771440505981445,
                -0.7012092471122742
            ],
            [
                0.9747881293296814,
                -0.15293386578559875,
                0.16247516870498657
            ],
            [
                0.002780519425868988,
                -0.7197816967964172,
                -0.6941936016082764
            ]
        ],
        "fy": 3715.36572265625,
        "fx": 3715.36572265625
    },
    {
        "id": 35,
        "img_name": "DJI_20240909091148_0933_V.jpg",
        "width": 306,
        "height": 691,
        "position": [
            48.488121032714844,
            -8.881131172180176,
            26.753847122192383
        ],
        "rotation": [
            [
                0.09989970177412033,
                0.6910908222198486,
                -0.7158308625221252
            ],
            [
                0.9949957728385925,
                -0.0679798275232315,
                0.07322879135608673
            ],
            [
                0.001946132630109787,
                -0.7195640802383423,
                -0.694424033164978
            ]
        ],
        "fy": 3715.36572265625,
        "fx": 3715.36572265625
    },
    {
        "id": 36,
        "img_name": "DJI_20240909091225_0985_V.jpg",
        "width": 198,
        "height": 220,
        "position": [
            -15.077116012573242,
            30.742958068847656,
            26.800846099853516
        ],
        "rotation": [
            [
                -0.8540952801704407,
                -0.3581494688987732,
                0.37715792655944824
            ],
            [
                -0.5201042294502258,
                0.5926129817962646,
                -0.6150627732276917
            ],
            [
                -0.003224104642868042,
                -0.7214835286140442,
                -0.6924221515655518
            ]
        ],
        "fy": 3715.36572265625,
        "fx": 3715.36572265625
    },
    {
        "id": 37,
        "img_name": "DJI_20240909090411_0693_V.jpg",
        "width": 1145,
        "height": 661,
        "position": [
            -48.35655975341797,
            -7.501426696777344,
            31.700897216796875
        ],
        "rotation": [
            [
                0.6550172567367554,
                -0.5628998279571533,
                0.5040798783302307
            ],
            [
                -0.7556073665618896,
                -0.4851382374763489,
                0.44011375308036804
            ],
            [
                -0.003191709518432617,
                -0.6691684126853943,
                -0.7431052923202515
            ]
        ],
        "fy": 3715.36572265625,
        "fx": 3715.36572265625
    },
    {
        "id": 38,
        "img_name": "DJI_20240909090035_0394_V.jpg",
        "width": 750,
        "height": 1355,
        "position": [
            13.782057762145996,
            -11.796649932861328,
            27.404205322265625
        ],
        "rotation": [
            [
                0.776899516582489,
                0.43953055143356323,
                -0.4508207142353058
            ],
            [
                0.6296116709709167,
                -0.5469571352005005,
                0.5517510771751404
            ],
            [
                -0.0040684356354177,
                -0.7124972939491272,
                -0.7016643285751343
            ]
        ],
        "fy": 3715.36572265625,
        "fx": 3715.36572265625
    },
    {
        "id": 39,
        "img_name": "DJI_20240909090308_0604_V.jpg",
        "width": 2413,
        "height": 1025,
        "position": [
            30.041797637939453,
            26.31056022644043,
            31.70947265625
        ],
        "rotation": [
            [
                -0.14150606095790863,
                0.7354350090026855,
                -0.6626559495925903
            ],
            [
                0.9899381399154663,
                0.10529190301895142,
                -0.09453696012496948
            ],
            [
                0.00024700353969819844,
                -0.6693655252456665,
                -0.7429351210594177
            ]
        ],
        "fy": 3715.36572265625,
        "fx": 3715.36572265625
    },
    {
        "id": 40,
        "img_name": "DJI_20240909090905_0739_V.jpg",
        "width": 1603,
        "height": 766,
        "position": [
            26.61815643310547,
            -41.94001388549805,
            31.723222732543945
        ],
        "rotation": [
            [
                0.8874289989471436,
                0.3500522971153259,
                -0.2998885214328766
            ],
            [
                0.4609439969062805,
                -0.6749076843261719,
                0.5762223601341248
            ],
            [
                -0.0006888210773468018,
                -0.6495880484580994,
                -0.7602875232696533
            ]
        ],
        "fy": 3715.36572265625,
        "fx": 3715.36572265625
    },
    {
        "id": 41,
        "img_name": "DJI_20240909085553_0141_V.jpg",
        "width": 1387,
        "height": 913,
        "position": [
            -46.26897048950195,
            -5.391850471496582,
            19.312955856323242
        ],
        "rotation": [
            [
                0.5736567378044128,
                -0.46054983139038086,
                0.6773568987846375
            ],
            [
                -0.8190945386886597,
                -0.3209765553474426,
                0.4754561185836792
            ],
            [
                -0.00155581533908844,
                -0.8275676369667053,
                -0.5613642334938049
            ]
        ],
        "fy": 3715.36572265625,
        "fx": 3715.36572265625
    },
    {
        "id": 42,
        "img_name": "DJI_20240909085518_0090_V.jpg",
        "width": 59,
        "height": 32,
        "position": [
            -21.8762149810791,
            59.971920013427734,
            19.373491287231445
        ],
        "rotation": [
            [
                -0.9887658953666687,
                -0.08210191130638123,
                0.12490397691726685
            ],
            [
                -0.1494491845369339,
                0.5574379563331604,
                -0.8166564702987671
            ],
            [
                -0.0025770142674446106,
                -0.8261491060256958,
                -0.5634456872940063
            ]
        ],
        "fy": 3715.36572265625,
        "fx": 3715.36572265625
    },
    {
        "id": 43,
        "img_name": "DJI_20240909090204_0521_V.jpg",
        "width": 1282,
        "height": 818,
        "position": [
            -45.15369415283203,
            -9.95854663848877,
            27.33340835571289
        ],
        "rotation": [
            [
                0.6848474144935608,
                -0.505323588848114,
                0.5250066518783569
            ],
            [
                -0.7286702394485474,
                -0.4700944721698761,
                0.49804773926734924
            ],
            [
                -0.004872560501098633,
                -0.72364342212677,
                -0.6901572942733765
            ]
        ],
        "fy": 3715.36572265625,
        "fx": 3715.36572265625
    },
    {
        "id": 44,
        "img_name": "DJI_20240909090409_0690_V.jpg",
        "width": 1083,
        "height": 569,
        "position": [
            -50.091278076171875,
            -4.5406646728515625,
            31.642871856689453
        ],
        "rotation": [
            [
                0.5705260634422302,
                -0.6122702360153198,
                0.5473799705505371
            ],
            [
                -0.821272611618042,
                -0.4226585030555725,
                0.3832356333732605
            ],
            [
                -0.003288745880126953,
                -0.6681942939758301,
                -0.7439785003662109
            ]
        ],
        "fy": 3715.36572265625,
        "fx": 3715.36572265625
    },
    {
        "id": 45,
        "img_name": "DJI_20240909091151_0937_V.jpg",
        "width": 186,
        "height": 412,
        "position": [
            48.557491302490234,
            -1.887441635131836,
            26.748592376708984
        ],
        "rotation": [
            [
                -0.06996104121208191,
                0.6921404600143433,
                -0.7183637022972107
            ],
            [
                0.9975491762161255,
                0.04906725883483887,
                -0.049875304102897644
            ],
            [
                0.0007271096110343933,
                -0.7200926542282104,
                -0.6938769817352295
            ]
        ],
        "fy": 3715.36572265625,
        "fx": 3715.36572265625
    },
    {
        "id": 46,
        "img_name": "DJI_20240909085532_0111_V.jpg",
        "width": 802,
        "height": 1332,
        "position": [
            -49.93455505371094,
            39.34184265136719,
            19.358983993530273
        ],
        "rotation": [
            [
                -0.5093917846679688,
                -0.4821016788482666,
                0.7128083109855652
            ],
            [
                -0.8605335354804993,
                0.2860635817050934,
                -0.4214840829372406
            ],
            [
                -0.0007099360227584839,
                -0.8280970454216003,
                -0.5605828762054443
            ]
        ],
        "fy": 3715.36572265625,
        "fx": 3715.36572265625
    },
    {
        "id": 47,
        "img_name": "DJI_20240909091023_0850_V.jpg",
        "width": 1265,
        "height": 827,
        "position": [
            -31.098867416381836,
            -23.422149658203125,
            31.709049224853516
        ],
        "rotation": [
            [
                0.43801331520080566,
                -0.6827483177185059,
                0.5848076939582825
            ],
            [
                -0.8989591598510742,
                -0.33567818999290466,
                0.28141462802886963
            ],
            [
                0.004171480890363455,
                -0.6489812731742859,
                -0.760794460773468
            ]
        ],
        "fy": 3715.36572265625,
        "fx": 3715.36572265625
    },
    {
        "id": 48,
        "img_name": "DJI_20240909085914_0312_V.jpg",
        "width": 633,
        "height": 1279,
        "position": [
            -53.64252471923828,
            31.657182693481445,
            23.67481231689453
        ],
        "rotation": [
            [
                -0.301716148853302,
                -0.583214282989502,
                0.7542078495025635
            ],
            [
                -0.9533981084823608,
                0.18403518199920654,
                -0.23908936977386475
            ],
            [
                0.0006392449140548706,
                -0.7911970019340515,
                -0.6115622520446777
            ]
        ],
        "fy": 3715.36572265625,
        "fx": 3715.36572265625
    },
    {
        "id": 49,
        "img_name": "DJI_20240909090312_0609_V.jpg",
        "width": 2544,
        "height": 1001,
        "position": [
            27.186256408691406,
            36.403507232666016,
            31.69678497314453
        ],
        "rotation": [
            [
                -0.3678933084011078,
                0.691669762134552,
                -0.6214872002601624
            ],
            [
                0.9298646450042725,
                0.2752649188041687,
                -0.24409082531929016
            ],
            [
                0.0022431612014770508,
                -0.6676987409591675,
                -0.7444272637367249
            ]
        ],
        "fy": 3715.36572265625,
        "fx": 3715.36572265625
    },
    {
        "id": 50,
        "img_name": "DJI_20240909091255_1028_V.jpg",
        "width": 1475,
        "height": 962,
        "position": [
            -33.03125762939453,
            -27.28582763671875,
            26.794614791870117
        ],
        "rotation": [
            [
                0.515548586845398,
                -0.5656160116195679,
                0.643653154373169
            ],
            [
                -0.8568267822265625,
                -0.3469974398612976,
                0.3813698887825012
            ],
            [
                0.0076364874839782715,
                -0.7481133937835693,
                -0.6635289192199707
            ]
        ],
        "fy": 3715.36572265625,
        "fx": 3715.36572265625
    },
    {
        "id": 51,
        "img_name": "DJI_20240909085842_0266_V.jpg",
        "width": 404,
        "height": 724,
        "position": [
            -4.860525131225586,
            60.52814483642578,
            23.635435104370117
        ],
        "rotation": [
            [
                -0.9711014032363892,
                0.149445578455925,
                -0.18607944250106812
            ],
            [
                0.23862014710903168,
                0.5933912992477417,
                -0.7687302827835083
            ],
            [
                -0.00446552038192749,
                -0.7909185886383057,
                -0.6119037866592407
            ]
        ],
        "fy": 3715.36572265625,
        "fx": 3715.36572265625
