[{"id": 0, "img_name": "DJI_20240909080010_0026_V", "width": 5262, "height": 3922, "position": [-95.99930572509766, 11.473567008972168, 26.1373233795166], "rotation": [[0.8109322786331177, 0.4187001585960388, 0.40875330567359924], [0.585117757320404, -0.5741324424743652, -0.5727207064628601], [-0.005119755864143372, 0.7036064267158508, -0.7105712890625]], "fy": 3273.836675, "fx": 3273.836675}, {"id": 1, "img_name": "DJI_20240909080023_0029_V", "width": 5262, "height": 3922, "position": [-88.78199768066406, 18.771270751953125, 26.105819702148438], "rotation": [[-0.8261082768440247, -0.3982410132884979, 0.3986823260784149], [-0.5635022521018982, 0.5801163911819458, -0.5881578922271729], [0.0029466599225997925, -0.7105411291122437, -0.7036484479904175]], "fy": 3273.836675, "fx": 3273.836675}, {"id": 2, "img_name": "DJI_20240909080024_0030_V", "width": 5262, "height": 3922, "position": [-86.83901977539062, 15.909231185913086, 26.09009552001953], "rotation": [[-0.8260770440101624, -0.3982502520084381, 0.3987411558628082], [-0.5635527968406677, 0.5806881189346313, -0.58754563331604], [0.002445906400680542, -0.7100692391395569, -0.7041283249855042]], "fy": 3273.836675, "fx": 3273.836675}, {"id": 3, "img_name": "DJI_20240909080025_0031_V", "width": 5262, "height": 3922, "position": [-82.099853515625, 8.877540588378906, 26.100666046142578], "rotation": [[-0.8273451328277588, -0.3971700966358185, 0.3971840739250183], [-0.5616907477378845, 0.5829383134841919, -0.5870998501777649], [0.001644730567932129, -0.7088290452957153, -0.7053779363632202]], "fy": 3273.836675, "fx": 3273.836675}, {"id": 4, "img_name": "DJI_20240909080026_0033_V", "width": 5262, "height": 3922, "position": [-75.38409423828125, -1.0874074697494507, 26.118803024291992], "rotation": [[-0.8266922235488892, -0.39793917536735535, 0.3977757692337036], [-0.5626547932624817, 0.5836817026138306, -0.585436224937439], [0.0007933974266052246, -0.7077855467796326, -0.7064277529716492]], "fy": 3273.836675, "fx": 3273.836675}, {"id": 5, "img_name": "DJI_20240909080027_0034_V", "width": 5262, "height": 3922, "position": [-73.4532241821289, -3.9380273818969727, 26.12311363220215], "rotation": [[-0.8265823125839233, -0.3980215787887573, 0.397919625043869], [-0.5628151893615723, 0.5838661193847656, -0.5850977301597595], [0.0005497932434082031, -0.7075867652893066, -0.7066258788108826]], "fy": 3273.836675, "fx": 3273.836675}, {"id": 6, "img_name": "DJI_20240909080101_0069_V", "width": 5262, "height": 3922, "position": [-3.769817352294922, -107.03810119628906, 26.120868682861328], "rotation": [[-0.8038992881774902, -0.4258343577384949, -0.4152216911315918], [-0.5947612524032593, 0.5735516548156738, 0.5632913112640381], [-0.0017179697751998901, 0.6997878551483154, -0.7143473625183105]], "fy": 3273.836675, "fx": 3273.836675}, {"id": 7, "img_name": "DJI_20240909080103_0072_V", "width": 5262, "height": 3922, "position": [7.522891044616699, -123.86448669433594, 26.142711639404297], "rotation": [[-0.8047577142715454, -0.4234009087085724, -0.41604888439178467], [-0.5936024785041809, 0.5727800130844116, 0.5652956366539001], [-0.0010423064231872559, 0.70189368724823, -0.7122809886932373]], "fy": 3273.836675, "fx": 3273.836675}, {"id": 8, "img_name": "DJI_20240909080116_0075_V", "width": 5262, "height": 3922, "position": [17.956579208374023, -121.6298599243164, 26.13234519958496], "rotation": [[0.8127286434173584, 0.4121805727481842, -0.41180044412612915], [0.5826374292373657, -0.5719749927520752, 0.577390730381012], [0.0024498701095581055, -0.7091923356056213, -0.7050122618675232]], "fy": 3273.836675, "fx": 3273.836675}, {"id": 9, "img_name": "DJI_20240909080117_0076_V", "width": 5262, "height": 3922, "position": [13.480690956115723, -115.03620147705078, 26.123146057128906], "rotation": [[0.8128566741943359, 0.41237011551856995, -0.411357045173645], [0.582457959651947, -0.5723991990089417, 0.5771479606628418], [0.002537861466407776, -0.7087368965148926, -0.7054669260978699]], "fy": 3273.836675, "fx": 3273.836675}, {"id": 10, "img_name": "DJI_20240909080117_0077_V", "width": 5262, "height": 3922, "position": [11.687400817871094, -112.38786315917969, 26.128751754760742], "rotation": [[0.8126039505004883, 0.41274294257164, -0.4114830493927002], [0.5828098654747009, -0.5721531510353088, 0.5770390629768372], [0.0027376264333724976, -0.7087205648422241, -0.7054845690727234]], "fy": 3273.836675, "fx": 3273.836675}, {"id": 11, "img_name": "DJI_20240909080118_0078_V", "width": 5262, "height": 3922, "position": [7.365043640136719, -106.00372314453125, 26.121177673339844], "rotation": [[0.8128901124000549, 0.4129485487937927, -0.41071105003356934], [0.5824083089828491, -0.5724013447761536, 0.5772002935409546], [0.0032628774642944336, -0.7084016799926758, -0.7058040499687195]], "fy": 3273.836675, "fx": 3273.836675}, {"id": 12, "img_name": "DJI_20240909080119_0079_V", "width": 5262, "height": 3922, "position": [5.457668304443359, -103.16680908203125, 26.131206512451172], "rotation": [[0.812420666217804, 0.41351401805877686, -0.4110701084136963], [0.5830622315406799, -0.5721527338027954, 0.5767832398414612], [0.003312930464744568, -0.7082700729370117, -0.7059330344200134]], "fy": 3273.836675, "fx": 3273.836675}, {"id": 13, "img_name": "DJI_20240909080120_0080_V", "width": 5262, "height": 3922, "position": [1.0955429077148438, -96.71202850341797, 26.125028610229492], "rotation": [[0.8125319480895996, 0.41373133659362793, -0.41063201427459717], [0.5829039812088013, -0.5719940066337585, 0.5771032571792603], [0.0038870424032211304, -0.708273708820343, -0.7059291005134583]], "fy": 3273.836675, "fx": 3273.836675}, {"id": 14, "img_name": "DJI_20240909080120_0081_V", "width": 5262, "height": 3922, "position": [-0.9727821350097656, -93.6736831665039, 26.12262535095215], "rotation": [[0.8124383091926575, 0.4138903319835663, -0.41065698862075806], [0.5830339789390564, -0.5719364881515503, 0.5770293474197388], [0.0039575546979904175, -0.7082275152206421, -0.7059751749038696]], "fy": 3273.836675, "fx": 3273.836675}, {"id": 15, "img_name": "DJI_20240909080122_0083_V", "width": 5262, "height": 3922, "position": [-7.279933929443359, -84.20266723632812, 26.138288497924805], "rotation": [[0.8091765642166138, 0.41707056760787964, -0.41386622190475464], [0.5875498056411743, -0.5692209005355835, 0.5751277208328247], [0.004287421703338623, -0.7085469365119934, -0.7056498527526855]], "fy": 3273.836675, "fx": 3273.836675}, {"id": 16, "img_name": "DJI_20240909080149_0110_V", "width": 5262, "height": 3922, "position": [-55.615509033203125, -12.755324363708496, 26.1319637298584], "rotation": [[0.8002688884735107, 0.46033284068107605, 0.3842695653438568], [0.5996382832527161, -0.6123761534690857, -0.5151966214179993], [-0.001844167709350586, 0.6427186727523804, -0.76609867811203]], "fy": 3273.836675, "fx": 3273.836675}, {"id": 17, "img_name": "DJI_20240909080151_0112_V", "width": 5262, "height": 3922, "position": [-60.04796600341797, -6.112270355224609, 26.139253616333008], "rotation": [[0.7990690469741821, 0.46194329857826233, 0.3848339319229126], [0.6012368202209473, -0.6120626926422119, -0.5137065052986145], [-0.0017609000205993652, 0.6418633460998535, -0.766817569732666]], "fy": 3273.836675, "fx": 3273.836675}, {"id": 18, "img_name": "DJI_20240909080153_0114_V", "width": 5262, "height": 3922, "position": [-64.51056671142578, 0.4914741516113281, 26.138835906982422], "rotation": [[0.7987017035484314, 0.4628361761569977, 0.3845238983631134], [0.6017234921455383, -0.6120370626449585, -0.5131685137748718], [-0.0021704435348510742, 0.6412456035614014, -0.7673345804214478]], "fy": 3273.836675, "fx": 3273.836675}, {"id": 19, "img_name": "DJI_20240909080155_0116_V", "width": 5262, "height": 3922, "position": [-69.0845947265625, 7.16169548034668, 26.12164878845215], "rotation": [[0.7990301847457886, 0.46259090304374695, 0.384135365486145], [0.6012871861457825, -0.6125786304473877, -0.5130288600921631], [-0.0020089447498321533, 0.6409013271331787, -0.7676188349723816]], "fy": 3273.836675, "fx": 3273.836675}, {"id": 20, "img_name": "DJI_20240909080157_0118_V", "width": 5262, "height": 3922, "position": [-74.57508850097656, 15.209385871887207, 26.1044979095459], "rotation": [[0.7991487979888916, 0.4292336702346802, 0.4208557605743408], [0.6011301279067993, -0.568402111530304, -0.5617485046386719], [-0.0019060075283050537, 0.7019097805023193, -0.7122632265090942]], "fy": 3273.836675, "fx": 3273.836675}, {"id": 21, "img_name": "DJI_20240909080158_0119_V", "width": 5262, "height": 3922, "position": [-76.34236907958984, 17.77436065673828, 26.11850929260254], "rotation": [[0.7984937429428101, 0.42976903915405273, 0.42155227065086365], [0.6020002365112305, -0.5678806900978088, -0.5613445043563843], [-0.0018572211265563965, 0.7020046710968018, -0.7121701240539551]], "fy": 3273.836675, "fx": 3273.836675}, {"id": 22, "img_name": "DJI_20240909080200_0122_V", "width": 5262, "height": 3922, "position": [-87.7550277709961, 34.76617431640625, 26.129629135131836], "rotation": [[0.8007035851478577, 0.44358885288238525, 0.4026200771331787], [0.5990604162216187, -0.5922188758850098, -0.5388908982276917], [-0.0006067752838134766, 0.6726856231689453, -0.7399280667304993]], "fy": 3273.836675, "fx": 3273.836675}, {"id": 23, "img_name": "DJI_20240909080200_0123_V", "width": 5262, "height": 3922, "position": [-89.65414428710938, 37.57541275024414, 26.13010025024414], "rotation": [[0.8004928231239319, 0.4314114451408386, 0.41604697704315186], [0.5993412733078003, -0.5750225186347961, -0.556898832321167], [-0.001015782356262207, 0.6951477527618408, -0.7188639044761658]], "fy": 3273.836675, "fx": 3273.836675}, {"id": 24, "img_name": "DJI_20240909080202_0124_V", "width": 5262, "height": 3922, "position": [-94.27064514160156, 44.44316864013672, 26.130525588989258], "rotation": [[0.8000032901763916, 0.42928579449653625, 0.419175386428833], [0.5999938249588013, -0.57084721326828, -0.560480535030365], [-0.001320868730545044, 0.699889063835144, -0.714248538017273]], "fy": 3273.836675, "fx": 3273.836675}, {"id": 25, "img_name": "DJI_20240909080212_0125_V", "width": 5262, "height": 3922, "position": [-86.38558959960938, 50.595767974853516, 26.09960174560547], "rotation": [[-0.8225652575492859, -0.4025413393974304, 0.4016798138618469], [-0.5686635971069336, 0.5787811875343323, -0.5844945907592773], [0.0027984827756881714, -0.709205687046051, -0.7049958109855652]], "fy": 3273.836675, "fx": 3273.836675}, {"id": 26, "img_name": "DJI_20240909080215_0128_V", "width": 5262, "height": 3922, "position": [-75.0271987915039, 33.80519104003906, 26.09656524658203], "rotation": [[-0.8226422667503357, -0.4020448625087738, 0.4020194411277771], [-0.5685574412345886, 0.5798834562301636, -0.5835046768188477], [0.0014706552028656006, -0.7085866928100586, -0.7056223154067993]], "fy": 3273.836675, "fx": 3273.836675}, {"id": 27, "img_name": "DJI_20240909080215_0129_V", "width": 5262, "height": 3922, "position": [-73.24201965332031, 31.178688049316406, 26.081195831298828], "rotation": [[-0.8225737810134888, -0.4021991491317749, 0.402008056640625], [-0.5686582922935486, 0.5798625946044922, -0.583427369594574], [0.0015442967414855957, -0.7085164785385132, -0.7056941390037537]], "fy": 3273.836675, "fx": 3273.836675}, {"id": 28, "img_name": "DJI_20240909080216_0130_V", "width": 5262, "height": 3922, "position": [-68.45490264892578, 24.084264755249023, 26.09446907043457], "rotation": [[-0.8225329518318176, -0.401989609003067, 0.4022963345050812], [-0.5687152147293091, 0.5800870060920715, -0.5831480026245117], [0.0010527372360229492, -0.7084511518478394, -0.7057581543922424]], "fy": 3273.836675, "fx": 3273.836675}, {"id": 29, "img_name": "DJI_20240909080217_0131_V", "width": 5262, "height": 3922, "position": [-66.5276107788086, 21.2157039642334, 26.10040855407715], "rotation": [[-0.8219546675682068, -0.4026627540588379, 0.4028077721595764], [-0.5695526599884033, 0.579688310623169, -0.5827276706695557], [0.0011396408081054688, -0.7083957195281982, -0.705815315246582]], "fy": 3273.836675, "fx": 3273.836675}, {"id": 30, "img_name": "DJI_20240909080219_0133_V", "width": 5262, "height": 3922, "position": [-60.50322723388672, 12.125665664672852, 26.05778694152832], "rotation": [[-0.8222734928131104, -0.4009093642234802, 0.40390124917030334], [-0.5690908432006836, 0.5798620581626892, -0.5830053091049194], [-0.00047457218170166016, -0.7092470526695251, -0.7049586772918701]], "fy": 3273.836675, "fx": 3273.836675}, {"id": 31, "img_name": "DJI_20240909080225_0139_V", "width": 5262, "height": 3922, "position": [-46.61018371582031, -8.187911033630371, 26.007366180419922], "rotation": [[-0.8194429874420166, -0.40440452098846436, 0.4061669409275055], [-0.5731614828109741, 0.5772450566291809, -0.5816136002540588], [0.0007491111755371094, -0.7093979120254517, -0.70480877161026]], "fy": 3273.836675, "fx": 3273.836675}, {"id": 32, "img_name": "DJI_20240909080227_0141_V", "width": 5262, "height": 3922, "position": [-42.528465270996094, -14.302606582641602, 26.004474639892578], "rotation": [[-0.818880558013916, -0.4054314196109772, 0.4062802195549011], [-0.5739635229110718, 0.575919508934021, -0.5821369886398315], [0.0020314455032348633, -0.7098894119262695, -0.7043126821517944]], "fy": 3273.836675, "fx": 3273.836675}, {"id": 33, "img_name": "DJI_20240909080229_0143_V", "width": 5262, "height": 3922, "position": [-39.5659294128418, -18.730579376220703, 26.027294158935547], "rotation": [[-0.8187214136123657, -0.40442630648612976, 0.40759211778640747], [-0.574187695980072, 0.5758930444717407, -0.5819405317306519], [0.0006229877471923828, -0.7104827165603638, -0.7037120461463928]], "fy": 3273.836675, "fx": 3273.836675}, {"id": 34, "img_name": "DJI_20240909080231_0145_V", "width": 5262, "height": 3922, "position": [-36.575401306152344, -23.135787963867188, 26.013092041015625], "rotation": [[-0.8140005469322205, -0.5808584094047546, 0.0022610381711274385], [-0.5808573961257935, 0.8139708042144775, -0.007480754051357508], [0.002504885196685791, -0.007402658462524414, -0.9999686479568481]], "fy": 3273.836675, "fx": 3273.836675}, {"id": 35, "img_name": "DJI_20240909080245_0159_V", "width": 5262, "height": 3922, "position": [-15.745549201965332, -53.97951889038086, 26.105464935302734], "rotation": [[-0.8072092533111572, -0.4289592504501343, -0.4054666757583618], [-0.5902445912361145, 0.5813217759132385, 0.560067355632782], [-0.00453987717628479, 0.6914174556732178, -0.7224386930465698]], "fy": 3273.836675, "fx": 3273.836675}, {"id": 36, "img_name": "DJI_20240909080247_0161_V", "width": 5262, "height": 3922, "position": [-11.633931159973145, -60.030521392822266, 26.1072998046875], "rotation": [[-0.8067659139633179, -0.42366889119148254, -0.4118685722351074], [-0.5908452868461609, 0.5716700553894043, 0.5692939758300781], [-0.005738884210586548, 0.7026368379592896, -0.7115271091461182]], "fy": 3273.836675, "fx": 3273.836675}, {"id": 37, "img_name": "DJI_20240909080249_0163_V", "width": 5262, "height": 3922, "position": [-7.288822174072266, -66.5797348022461, 26.033756256103516], "rotation": [[-0.8064562082290649, -0.4242347478866577, -0.41188669204711914], [-0.5912691950798035, 0.5725072026252747, 0.5680102109909058], [-0.005161836743354797, 0.701612114906311, -0.712538480758667]], "fy": 3273.836675, "fx": 3273.836675}, {"id": 38, "img_name": "DJI_20240909080255_0169_V", "width": 5262, "height": 3922, "position": [6.14279842376709, -86.3769760131836, 26.07985496520996], "rotation": [[-0.8040471076965332, -0.42696183919906616, -0.4137769937515259], [-0.5945615768432617, 0.5749365091323853, 0.5620895028114319], [-0.0020952969789505005, 0.6979624032974243, -0.7161312103271484]], "fy": 3273.836675, "fx": 3273.836675}, {"id": 39, "img_name": "DJI_20240909080256_0170_V", "width": 5262, "height": 3922, "position": [7.133127212524414, -87.81671905517578, 26.058395385742188], "rotation": [[-0.8039414286613464, -0.42726272344589233, -0.41367194056510925], [-0.5947044491767883, 0.5751103162765503, 0.5617603063583374], [-0.0021122395992279053, 0.6976350545883179, -0.7164500951766968]], "fy": 3273.836675, "fx": 3273.836675}, {"id": 40, "img_name": "DJI_20240909080257_0171_V", "width": 5262, "height": 3922, "position": [9.82874870300293, -91.75761413574219, 26.027942657470703], "rotation": [[-0.8047510385513306, -0.4249679446220398, -0.41445979475975037], [-0.5936082005500793, 0.573776125907898, 0.564278244972229], [-0.0019930601119995117, 0.7001307010650635, -0.7140113115310669]], "fy": 3273.836675, "fx": 3273.836675}, {"id": 41, "img_name": "DJI_20240909080257_0172_V", "width": 5262, "height": 3922, "position": [11.405586242675781, -94.05133819580078, 26.04890251159668], "rotation": [[-0.805306613445282, -0.42413803935050964, -0.4142296016216278], [-0.5928545594215393, 0.574142336845398, 0.564697802066803], [-0.0016832053661346436, 0.7003334760665894, -0.7138125896453857]], "fy": 3273.836675, "fx": 3273.836675}, {"id": 42, "img_name": "DJI_20240909080258_0173_V", "width": 5262, "height": 3922, "position": [16.021854400634766, -100.75618743896484, 26.151832580566406], "rotation": [[-0.8063249588012695, -0.4230360984802246, -0.4133799374103546], [-0.5914720892906189, 0.574598491191864, 0.5656834244728088], [-0.0017768144607543945, 0.70062655210495, -0.7135273814201355]], "fy": 3273.836675, "fx": 3273.836675}, {"id": 43, "img_name": "DJI_20240909080259_0174_V", "width": 5262, "height": 3922, "position": [17.87497329711914, -103.55595397949219, 26.144678115844727], "rotation": [[-0.8075457215309143, -0.4218772053718567, -0.4121801555156708], [-0.5898057818412781, 0.5759467482566833, 0.5660523772239685], [-0.00141046941280365, 0.7002182602882385, -0.7139294147491455]], "fy": 3273.836675, "fx": 3273.836675}, {"id": 44, "img_name": "DJI_20240909080300_0175_V", "width": 5262, "height": 3922, "position": [22.322410583496094, -110.27869415283203, 26.106473922729492], "rotation": [[-0.8061973452568054, -0.42209896445274353, -0.4145834743976593], [-0.5916475057601929, 0.5745187997817993, 0.5655808448791504], [-0.0005449801683425903, 0.7012566328048706, -0.7129095792770386]], "fy": 3273.836675, "fx": 3273.836675}, {"id": 45, "img_name": "DJI_20240909080300_0176_V", "width": 5262, "height": 3922, "position": [24.229623794555664, -113.09941101074219, 26.112796783447266], "rotation": [[-0.8055505156517029, -0.4222935736179352, -0.4156390428543091], [-0.5925264954566956, 0.5737015604972839, 0.5654897689819336], [-0.00034999847412109375, 0.7018080353736877, -0.7123656272888184]], "fy": 3273.836675, "fx": 3273.836675}, {"id": 46, "img_name": "DJI_20240909080313_0179_V", "width": 5262, "height": 3922, "position": [30.086650848388672, -104.0579605102539, 25.993574142456055], "rotation": [[0.8168016076087952, 0.4065067172050476, -0.4093746244907379], [0.5769185423851013, -0.5758431553840637, 0.5792837738990784], [-0.0002526789903640747, -0.7093356251716614, -0.7048709988594055]], "fy": 3273.836675, "fx": 3273.836675}, {"id": 47, "img_name": "DJI_20240909080314_0180_V", "width": 5262, "height": 3922, "position": [28.13579750061035, -101.16429901123047, 25.992040634155273], "rotation": [[0.8169214129447937, 0.40615907311439514, -0.40948015451431274], [0.5767486095428467, -0.5761192440986633, 0.5791776776313782], [-0.0006713420152664185, -0.7093098163604736, -0.7048958539962769]], "fy": 3273.836675, "fx": 3273.836675}, {"id": 48, "img_name": "DJI_20240909080315_0181_V", "width": 5262, "height": 3922, "position": [24.00811004638672, -95.03565216064453, 25.98013687133789], "rotation": [[0.8167762756347656, 0.4060957133769989, -0.40983277559280396], [0.576953649520874, -0.5762211084365845, 0.5788738131523132], [-0.0010759979486465454, -0.7092649340629578, -0.7049422860145569]], "fy": 3273.836675, "fx": 3273.836675}, {"id": 49, "img_name": "DJI_20240909080315_0182_V", "width": 5262, "height": 3922, "position": [21.910175323486328, -91.9423599243164, 25.972267150878906], "rotation": [[0.8172523975372314, 0.4053723216056824, -0.409599632024765], [0.5762782096862793, -0.5765400528907776, 0.5792276263237], [-0.0013478845357894897, -0.709418535232544, -0.7047858238220215]], "fy": 3273.836675, "fx": 3273.836675}, {"id": 50, "img_name": "DJI_20240909080316_0183_V", "width": 5262, "height": 3922, "position": [17.741073608398438, -85.7600326538086, 25.957103729248047], "rotation": [[0.8171256184577942, 0.4053344130516052, -0.40988966822624207], [0.576457142829895, -0.5765983462333679, 0.5789910554885864], [-0.0016567707061767578, -0.7093924283981323, -0.7048112154006958]], "fy": 3273.836675, "fx": 3273.836675}, {"id": 51, "img_name": "DJI_20240909080317_0184_V", "width": 5262, "height": 3922, "position": [15.488930702209473, -82.4226303100586, 25.957765579223633], "rotation": [[0.8172329068183899, 0.40532103180885315, -0.40968936681747437], [0.5763058066368103, -0.5765684843063354, 0.5791735649108887], [-0.0014625340700149536, -0.7094259858131409, -0.7047795057296753]], "fy": 3273.836675, "fx": 3273.836675}, {"id": 52, "img_name": "DJI_20240909080319_0186_V", "width": 5262, "height": 3922, "position": [9.202743530273438, -73.11810302734375, 25.95154571533203], "rotation": [[0.8175000548362732, 0.40612122416496277, -0.4083613157272339], [0.5759278535842896, -0.575448215007782, 0.5806589126586914], [0.0008268058300018311, -0.7098754048347473, -0.7043251395225525]], "fy": 3273.836675, "fx": 3273.836675}, {"id": 53, "img_name": "DJI_20240909080321_0188_V", "width": 5262, "height": 3922, "position": [4.820375442504883, -66.73373413085938, 25.95244789123535], "rotation": [[0.8157704472541809, 0.40698426961898804, -0.4109528064727783], [0.578375518321991, -0.5746347904205322, 0.5790300369262695], [-0.0004918426275253296, -0.7100407481193542, -0.7041599750518799]], "fy": 3273.836675, "fx": 3273.836675}, {"id": 54, "img_name": "DJI_20240909080323_0190_V", "width": 5262, "height": 3922, "position": [0.51324462890625, -60.41022872924805, 25.944835662841797], "rotation": [[0.8158473968505859, 0.40718215703964233, -0.41060400009155273], [0.5782671570777893, -0.5746192932128906, 0.579154372215271], [-0.00011977553367614746, -0.7099404335021973, -0.7042617201805115]], "fy": 3273.836675, "fx": 3273.836675}, {"id": 55, "img_name": "DJI_20240909080325_0192_V", "width": 5262, "height": 3922, "position": [-3.9504458904266357, -53.82829284667969, 25.945083618164062], "rotation": [[0.8156187534332275, 0.4081423878669739, -0.4101047217845917], [0.5785889625549316, -0.5742262005805969, 0.5792227387428284], [0.0009125173091888428, -0.7097070217132568, -0.7044963836669922]], "fy": 3273.836675, "fx": 3273.836675}, {"id": 56, "img_name": "DJI_20240909080326_0194_V", "width": 5262, "height": 3922, "position": [-8.368521690368652, -47.31991958618164, 25.953401565551758], "rotation": [[0.8154376149177551, 0.4079458713531494, -0.4106596112251282], [0.5788446664810181, -0.5745339393615723, 0.5786599516868591], [0.00012373924255371094, -0.7095692753791809, -0.704633891582489]], "fy": 3273.836675, "fx": 3273.836675}, {"id": 57, "img_name": "DJI_20240909080328_0196_V", "width": 5262, "height": 3922, "position": [-11.351348876953125, -42.7502326965332, 25.954769134521484], "rotation": [[0.8149585723876953, 0.40788137912750244, -0.41167399287223816], [0.5795183777809143, -0.5749026536941528, 0.577621340751648], [-0.0010713934898376465, -0.7093099355697632, -0.7048966884613037]], "fy": 3273.836675, "fx": 3273.836675}, {"id": 58, "img_name": "DJI_20240909080330_0198_V", "width": 5262, "height": 3922, "position": [-14.196939468383789, -38.49628829956055, 25.933752059936523], "rotation": [[0.8106610774993896, 0.5855053663253784, -0.0034484739881008863], [0.5855125188827515, -0.810660719871521, 0.0015249343123286963], [-0.0019027292728424072, -0.0032552480697631836, -0.9999917149543762]], "fy": 3273.836675, "fx": 3273.836675}, {"id": 59, "img_name": "DJI_20240909080331_0199_V", "width": 5262, "height": 3922, "position": [-15.69810962677002, -36.25925827026367, 25.94282341003418], "rotation": [[0.8159838914871216, 0.4046073257923126, -0.41287216544151306], [0.5780485272407532, -0.5778863430023193, 0.5761150121688843], [-0.005492508411407471, -0.7087607383728027, -0.7054286599159241]], "fy": 3273.836675, "fx": 3273.836675}, {"id": 60, "img_name": "DJI_20240909080333_0201_V", "width": 5262, "height": 3922, "position": [-18.624406814575195, -31.971925735473633, 25.93538475036621], "rotation": [[0.8105311393737793, 0.5856835842132568, -0.0037554888986051083], [0.5856896638870239, -0.8105352520942688, 0.000660158519167453], [-0.0026574134826660156, -0.0027346014976501465, -0.9999927878379822]], "fy": 3273.836675, "fx": 3273.836675}, {"id": 61, "img_name": "DJI_20240909080336_0204_V", "width": 5262, "height": 3922, "position": [-22.992462158203125, -25.52664566040039, 25.932302474975586], "rotation": [[0.8110576272010803, 0.5849392414093018, -0.005610503256320953], [0.5849536657333374, -0.8110638856887817, 0.0012395977973937988], [-0.003825475461781025, -0.004287248943001032, -0.9999818205833435]], "fy": 3273.836675, "fx": 3273.836675}, {"id": 62, "img_name": "DJI_20240909080338_0206_V", "width": 5262, "height": 3922, "position": [-25.939367294311523, -21.14242172241211, 25.953853607177734], "rotation": [[0.8073942065238953, 0.4657686650753021, 0.3621792793273926], [0.5899749994277954, -0.6304489970207214, -0.504442036151886], [-0.0066175032407045364, 0.6209603548049927, -0.7838127613067627]], "fy": 3273.836675, "fx": 3273.836675}, {"id": 63, "img_name": "DJI_20240909080339_0207_V", "width": 5262, "height": 3922, "position": [-27.433475494384766, -18.968891143798828, 25.93574333190918], "rotation": [[0.8111612796783447, 0.5847921967506409, -0.00596470246091485], [0.5848114490509033, -0.8111668825149536, 0.0021029519848525524], [-0.0036085844039916992, -0.00519406795501709, -0.9999803304672241]], "fy": 3273.836675, "fx": 3273.836675}, {"id": 64, "img_name": "DJI_20240909080341_0209_V", "width": 5262, "height": 3922, "position": [-30.43077850341797, -14.546529769897461, 25.942153930664062], "rotation": [[0.8071430921554565, 0.47173190116882324, 0.35494863986968994], [0.5903189778327942, -0.638222336769104, -0.4941597580909729], [-0.006574414204806089, 0.608390748500824, -0.7936090230941772]], "fy": 3273.836675, "fx": 3273.836675}, {"id": 65, "img_name": "DJI_20240909080342_0210_V", "width": 5262, "height": 3922, "position": [-31.844003677368164, -12.451618194580078, 25.924821853637695], "rotation": [[0.8110488057136536, 0.5849379301071167, -0.006906900554895401], [0.5849617123603821, -0.8110607266426086, 0.0019410671666264534], [-0.004466533660888672, -0.005614548921585083, -0.9999762177467346]], "fy": 3273.836675, "fx": 3273.836675}, {"id": 66, "img_name": "DJI_20240909080344_0212_V", "width": 5262, "height": 3922, "position": [-34.92805480957031, -7.916287899017334, 25.94089698791504], "rotation": [[0.8071541786193848, 0.4658717215061188, 0.36258238554000854], [0.5903103351593018, -0.6306763887405396, -0.5037692189216614], [-0.006020009517669678, 0.6206555366516113, -0.7840619087219238]], "fy": 3273.836675, "fx": 3273.836675}, {"id": 67, "img_name": "DJI_20240909080345_0213_V", "width": 5262, "height": 3922, "position": [-36.353126525878906, -5.796095848083496, 25.932626724243164], "rotation": [[0.8110063076019287, 0.5850048065185547, -0.0061516365967690945], [0.585026741027832, -0.8110091090202332, 0.0025693951174616814], [-0.00348585844039917, -0.005682647228240967, -0.9999770522117615]], "fy": 3273.836675, "fx": 3273.836675}, {"id": 68, "img_name": "DJI_20240909080350_0218_V", "width": 5262, "height": 3922, "position": [-43.402957916259766, 4.610007286071777, 25.919803619384766], "rotation": [[0.8064874410629272, 0.42292699217796326, 0.41317200660705566], [0.5912110805511475, -0.5686841011047363, -0.5718998312950134], [-0.006907671689987183, 0.7055016756057739, -0.708675742149353]], "fy": 3273.836675, "fx": 3273.836675}, {"id": 69, "img_name": "DJI_20240909080352_0220_V", "width": 5262, "height": 3922, "position": [-47.962764739990234, 11.391420364379883, 25.92661476135254], "rotation": [[0.8065630197525024, 0.4597398638725281, 0.371612548828125], [0.5911246538162231, -0.6216057538986206, -0.5139837861061096], [-0.005302608013153076, 0.6342294216156006, -0.7731276750564575]], "fy": 3273.836675, "fx": 3273.836675}, {"id": 70, "img_name": "DJI_20240909080354_0222_V", "width": 5262, "height": 3922, "position": [-52.362701416015625, 17.814210891723633, 25.925174713134766], "rotation": [[0.8063840866088867, 0.45448368787765503, 0.3784037232398987], [0.5913715958595276, -0.6143280267715454, -0.522382378578186], [-0.004950433969497681, 0.6450179815292358, -0.7641531229019165]], "fy": 3273.836675, "fx": 3273.836675}, {"id": 71, "img_name": "DJI_20240909080356_0224_V", "width": 5262, "height": 3922, "position": [-56.82035827636719, 24.420381546020508, 25.93167495727539], "rotation": [[0.8058628439903259, 0.46631965041160583, 0.3648715913295746], [0.5920915007591248, -0.6309213042259216, -0.5013657808303833], [-0.0035916566848754883, 0.6200693845748901, -0.7845399379730225]], "fy": 3273.836675, "fx": 3273.836675}, {"id": 72, "img_name": "DJI_20240909080358_0226_V", "width": 5262, "height": 3922, "position": [-61.26434326171875, 31.044353485107422, 25.951698303222656], "rotation": [[0.8076521754264832, 0.4598006308078766, 0.3691628873348236], [0.5896368622779846, -0.6243431568145752, -0.51236891746521], [-0.005102992057800293, 0.631488025188446, -0.7753676772117615]], "fy": 3273.836675, "fx": 3273.836675}, {"id": 73, "img_name": "DJI_20240909080400_0228_V", "width": 5262, "height": 3922, "position": [-66.05870056152344, 38.14914321899414, 25.930370330810547], "rotation": [[0.8087160587310791, 0.4404447078704834, 0.3898545503616333], [0.588153600692749, -0.597272515296936, -0.5452892780303955], [-0.007320374250411987, 0.6702786684036255, -0.742073118686676]], "fy": 3273.836675, "fx": 3273.836675}, {"id": 74, "img_name": "DJI_20240909080400_0229_V", "width": 5262, "height": 3922, "position": [-67.49954986572266, 40.26142883300781, 25.934125900268555], "rotation": [[0.8081141114234924, 0.4217473566532135, 0.4111942648887634], [0.5889870524406433, -0.5705364346504211, -0.572350025177002], [-0.006785988807678223, 0.7047121524810791, -0.7094622254371643]], "fy": 3273.836675, "fx": 3273.836675}, {"id": 75, "img_name": "DJI_20240909080419_0239_V", "width": 5262, "height": 3922, "position": [-66.50605010986328, 56.6517448425293, 25.90433120727539], "rotation": [[-0.8246033191680908, -0.3994317650794983, 0.4006030857563019], [-0.5657104849815369, 0.5817484855651855, -0.5844141840934753], [0.00038358569145202637, -0.7085355520248413, -0.7056745290756226]], "fy": 3273.836675, "fx": 3273.836675}, {"id": 76, "img_name": "DJI_20240909080420_0240_V", "width": 5262, "height": 3922, "position": [-61.805973052978516, 49.70545959472656, 25.911903381347656], "rotation": [[-0.8246095776557922, -0.39915668964385986, 0.40086817741394043], [-0.565704345703125, 0.5822036266326904, -0.5839674472808838], [-0.00029277801513671875, -0.7083172798156738, -0.705895721912384]], "fy": 3273.836675, "fx": 3273.836675}, {"id": 77, "img_name": "DJI_20240909080420_0241_V", "width": 5262, "height": 3922, "position": [-59.89617919921875, 46.90000915527344, 25.9136962890625], "rotation": [[-0.824276328086853, -0.39946022629737854, 0.40124937891960144], [-0.5661884546279907, 0.5820595026016235, -0.5836420059204102], [-0.0004093348979949951, -0.7082645893096924, -0.7059476375579834]], "fy": 3273.836675, "fx": 3273.836675}, {"id": 78, "img_name": "DJI_20240909080422_0243_V", "width": 5262, "height": 3922, "position": [-54.024696350097656, 38.087100982666016, 25.873855590820312], "rotation": [[-0.8193275332450867, -0.40247851610183716, 0.4083044230937958], [-0.5733174681663513, 0.5787751078605652, -0.5799364447593689], [-0.002904236316680908, -0.7092462182044983, -0.7049542665481567]], "fy": 3273.836675, "fx": 3273.836675}, {"id": 79, "img_name": "DJI_20240909080424_0245_V", "width": 5262, "height": 3922, "position": [-49.45890808105469, 31.375802993774414, 25.9034423828125], "rotation": [[-0.8212511539459229, -0.3990858793258667, 0.4077681005001068], [-0.5705462098121643, 0.5802136659622192, -0.5812304615974426], [-0.004631608724594116, -0.7099874019622803, -0.7041977643966675]], "fy": 3273.836675, "fx": 3273.836675}, {"id": 80, "img_name": "DJI_20240909080426_0247_V", "width": 5262, "height": 3922, "position": [-45.17913055419922, 24.9869384765625, 25.907262802124023], "rotation": [[-0.8213569521903992, -0.39880454540252686, 0.4078311026096344], [-0.5703948736190796, 0.5799727439880371, -0.5816193222999573], [-0.00457841157913208, -0.7103423476219177, -0.7038406133651733]], "fy": 3273.836675, "fx": 3273.836675}, {"id": 81, "img_name": "DJI_20240909080428_0249_V", "width": 5262, "height": 3922, "position": [-40.99409866333008, 18.766998291015625, 25.919363021850586], "rotation": [[-0.8206489086151123, -0.39983683824539185, 0.4082503616809845], [-0.5714210867881775, 0.5791823267936707, -0.5814002752304077], [-0.00398629903793335, -0.7104076147079468, -0.7037808895111084]], "fy": 3273.836675, "fx": 3273.836675}, {"id": 82, "img_name": "DJI_20240909080430_0251_V", "width": 5262, "height": 3922, "position": [-36.94276809692383, 12.796764373779297, 25.918970108032227], "rotation": [[-0.8199672698974609, -0.4005378484725952, 0.4089277684688568], [-0.5723962187767029, 0.5785733461380005, -0.5810467600822449], [-0.0038633644580841064, -0.7105083465576172, -0.7036773562431335]], "fy": 3273.836675, "fx": 3273.836675}, {"id": 83, "img_name": "DJI_20240909080431_0253_V", "width": 5262, "height": 3922, "position": [-34.18971633911133, 8.663398742675781, 25.913150787353516], "rotation": [[-0.8187769055366516, -0.40105822682380676, 0.4108008146286011], [-0.5740925073623657, 0.5779122114181519, -0.5800305604934692], [-0.004780888557434082, -0.7107530832290649, -0.703425943851471]], "fy": 3273.836675, "fx": 3273.836675}, {"id": 84, "img_name": "DJI_20240909080433_0255_V", "width": 5262, "height": 3922, "position": [-31.257137298583984, 4.396060943603516, 25.924264907836914], "rotation": [[-0.8148772716522217, -0.5796093344688416, 0.004910830408334732], [-0.5796239376068115, 0.8148807287216187, -0.002248534932732582], [-0.002698540687561035, -0.004678785800933838, -0.9999833703041077]], "fy": 3273.836675, "fx": 3273.836675}, {"id": 85, "img_name": "DJI_20240909080437_0259_V", "width": 5262, "height": 3922, "position": [-25.758792877197266, -3.7444865703582764, 26.027263641357422], "rotation": [[-0.8189894556999207, -0.40107613801956177, 0.41035938262939453], [-0.5737873911857605, 0.5786452293395996, -0.5796014070510864], [-0.0049882554449141026, -0.7101463675498962, -0.7040367722511292]], "fy": 3273.836675, "fx": 3273.836675}, {"id": 86, "img_name": "DJI_20240909080439_0261_V", "width": 5262, "height": 3922, "position": [-23.020212173461914, -7.72572660446167, 26.218002319335938], "rotation": [[-0.8142297267913818, -0.5805356502532959, 0.0032392144203186035], [-0.5805429816246033, 0.8142269849777222, -0.0021301223896443844], [-0.0014008760917931795, -0.0036149010993540287, -0.9999935626983643]], "fy": 3273.836675, "fx": 3273.836675}, {"id": 87, "img_name": "DJI_20240909080440_0262_V", "width": 5262, "height": 3922, "position": [-21.664941787719727, -9.73591136932373, 26.206499099731445], "rotation": [[-0.8184654712677002, -0.4027314782142639, 0.4097786247730255], [-0.5745424032211304, 0.5780123472213745, -0.5794842839241028], [-0.003480249550193548, -0.7097241282463074, -0.7044690251350403]], "fy": 3273.836675, "fx": 3273.836675}, {"id": 88, "img_name": "DJI_20240909080442_0264_V", "width": 5262, "height": 3922, "position": [-18.901771545410156, -13.763349533081055, 26.143957138061523], "rotation": [[-0.8139705061912537, -0.580903172492981, 0.002048015594482422], [-0.5809068083763123, 0.8139647841453552, -0.0029394382145255804], [4.051583164255135e-05, -0.0035823883954435587, -0.9999939799308777]], "fy": 3273.836675, "fx": 3273.836675}, {"id": 89, "img_name": "DJI_20240909080443_0266_V", "width": 5262, "height": 3922, "position": [-16.213964462280273, -17.709115982055664, 26.130062103271484], "rotation": [[-0.8095934987068176, -0.44274961948394775, -0.38539794087409973], [-0.5869895815849304, 0.6090481281280518, 0.5333889126777649], [-0.001431658398360014, 0.6580526232719421, -0.7529708743095398]], "fy": 3273.836675, "fx": 3273.836675}, {"id": 90, "img_name": "DJI_20240909080444_0267_V", "width": 5262, "height": 3922, "position": [-14.735340118408203, -19.853988647460938, 26.126646041870117], "rotation": [[-0.8133233189582825, -0.5818085074424744, 0.0009602273348718882], [-0.581806480884552, 0.8133150339126587, -0.004419982433319092], [0.0017905678832903504, -0.0041535296477377415, -0.9999879598617554]], "fy": 3273.836675, "fx": 3273.836675}, {"id": 91, "img_name": "DJI_20240909080445_0268_V", "width": 5262, "height": 3922, "position": [-13.37183952331543, -21.9036865234375, 26.12978744506836], "rotation": [[-0.8174692988395691, -0.4048457145690918, 0.4096866250038147], [-0.5759707689285278, 0.5757811069488525, -0.5802874565124512], [-0.0009628732223063707, -0.7103349566459656, -0.703862726688385]], "fy": 3273.836675, "fx": 3273.836675}, {"id": 92, "img_name": "DJI_20240909080446_0269_V", "width": 5262, "height": 3922, "position": [-11.951650619506836, -24.080215454101562, 26.141695022583008], "rotation": [[-0.809306800365448, -0.45019352436065674, -0.3772861659526825], [-0.5873780250549316, 0.6175925731658936, 0.5230349898338318], [-0.0024582024198025465, 0.6449064612388611, -0.7642553448677063]], "fy": 3273.836675, "fx": 3273.836675}, {"id": 93, "img_name": "DJI_20240909080447_0270_V", "width": 5262, "height": 3922, "position": [-10.4793119430542, -26.209152221679688, 26.12991714477539], "rotation": [[-0.8139508962631226, -0.58091801404953, 0.004327813629060984], [-0.5809329152107239, 0.8139417171478271, -0.003992225043475628], [-0.0012034773826599121, -0.005763649940490723, -0.9999830722808838]], "fy": 3273.836675, "fx": 3273.836675}, {"id": 94, "img_name": "DJI_20240909080449_0272_V", "width": 5262, "height": 3922, "position": [-7.794225692749023, -30.168004989624023, 26.121652603149414], "rotation": [[-0.8086481094360352, -0.4392489194869995, -0.39134734869003296], [-0.5882881283760071, 0.6002951860427856, 0.5418148636817932], [-0.0030672550201416016, 0.6683614253997803, -0.743833065032959]], "fy": 3273.836675, "fx": 3273.836675}, {"id": 95, "img_name": "DJI_20240909080450_0273_V", "width": 5262, "height": 3922, "position": [-6.3321428298950195, -32.30366516113281, 26.104393005371094], "rotation": [[-0.8151285648345947, -0.5792705416679382, 0.0028661799151450396], [-0.5792766809463501, 0.8151098489761353, -0.005843150895088911], [0.0010485053062438965, -0.006423234939575195, -0.999977171421051]], "fy": 3273.836675, "fx": 3273.836675}, {"id": 96, "img_name": "DJI_20240909080452_0275_V", "width": 5262, "height": 3922, "position": [-3.592142343521118, -36.4246826171875, 26.124832153320312], "rotation": [[-0.8097572922706604, -0.4425147473812103, -0.38531816005706787], [-0.5867615342140198, 0.6100466847419739, 0.532497227191925], [-0.0005762875080108643, 0.6572844982147217, -0.753639817237854]], "fy": 3273.836675, "fx": 3273.836675}, {"id": 97, "img_name": "DJI_20240909080453_0276_V", "width": 5262, "height": 3922, "position": [-2.148045539855957, -38.523193359375, 26.125093460083008], "rotation": [[-0.8128110766410828, -0.5825223326683044, 0.0016668320167809725], [-0.5825221538543701, 0.8127970099449158, -0.005350575782358646], [0.00176200270652771, -0.005319952964782715, -0.9999826550483704]], "fy": 3273.836675, "fx": 3273.836675}, {"id": 98, "img_name": "DJI_20240909080455_0278_V", "width": 5262, "height": 3922, "position": [0.7101020812988281, -42.72747039794922, 26.13562774658203], "rotation": [[-0.8097150325775146, -0.4369567632675171, -0.3917039632797241], [-0.5868229866027832, 0.6013590693473816, 0.5422234535217285], [-0.001373291015625, 0.6689069271087646, -0.743346095085144]], "fy": 3273.836675,