[
    {
        "id": 0,
        "img_name": "P0010001.jpg",
        "width": 2393,
        "height": 2287,
        "position": [
            19.186721801757812,
            -21.830265045166016,
            271.54638671875
        ],
        "rotation": [
            [
                0.7950176000595093,
                0.4575933814048767,
                -0.3981880843639374
            ],
            [
                0.6058616638183594,
                -0.6311110258102417,
                0.4843904674053192
            ],
            [
                -0.02964678406715393,
                -0.626345157623291,
                -0.7789831161499023
            ]
        ],
        "fy": 3000.440185546875,
        "fx": 3000.440185546875
    },
    {
        "id": 1,
        "img_name": "P0020002.jpg",
        "width": 2421,
        "height": 2239,
        "position": [
            17.38544464111328,
            -22.98807144165039,
            271.5099182128906
        ],
        "rotation": [
            [
                0.8318230509757996,
                0.41790738701820374,
                -0.365272581577301
            ],
            [
                0.5542373657226562,
                -0.6608016490936279,
                0.5061240196228027
            ],
            [
                -0.02985846996307373,
                -0.6234540343284607,
                -0.7812902331352234
            ]
        ],
        "fy": 3000.440185546875,
        "fx": 3000.440185546875
    },
    {
        "id": 2,
        "img_name": "P0030003.jpg",
        "width": 2437,
        "height": 2197,
        "position": [
            15.697273254394531,
            -23.889869689941406,
            271.4141540527344
        ],
        "rotation": [
            [
                0.8643472790718079,
                0.3781643807888031,
                -0.33150514960289
            ],
            [
                0.5019692182540894,
                -0.6887564659118652,
                0.5231050848960876
            ],
            [
                -0.030504517257213593,
                -0.6185500025749207,
                -0.7851520776748657
            ]
        ],
        "fy": 3000.440185546875,
        "fx": 3000.440185546875
    },
    {
        "id": 3,
        "img_name": "P0040004.jpg",
        "width": 2463,
        "height": 2145,
        "position": [
            13.397278785705566,
            -25.030813217163086,
            271.5291442871094
        ],
        "rotation": [
            [
                0.9023287892341614,
                0.32135817408561707,
                -0.28728434443473816
            ],
            [
                0.4298752546310425,
                -0.7200129628181458,
                0.544780969619751
            ],
            [
                -0.03177925571799278,
                -0.6150680184364319,
                -0.7878328561782837
            ]
        ],
        "fy": 3000.440185546875,
        "fx": 3000.440185546875
    },
    {
        "id": 4,
        "img_name": "P0050005.jpg",
        "width": 2463,
        "height": 2144,
        "position": [
            12.174185752868652,
            -25.536457061767578,
            271.6516418457031
        ],
        "rotation": [
            [
                0.9222295880317688,
                0.2865285873413086,
                -0.2596036195755005
            ],
            [
                0.385269433259964,
                -0.7375432848930359,
                0.5546125769615173
            ],
            [
                -0.032557256519794464,
                -0.6114979982376099,
                -0.7905746102333069
            ]
        ],
        "fy": 3000.440185546875,
        "fx": 3000.440185546875
    },
    {
        "id": 5,
        "img_name": "P0060006.jpg",
        "width": 2486,
        "height": 2142,
        "position": [
            10.224312782287598,
            -26.23552894592285,
            271.723388671875
        ],
        "rotation": [
            [
                0.9446626305580139,
                0.24072065949440002,
                -0.22285757958889008
            ],
            [
                0.3264877498149872,
                -0.7560034990310669,
                0.5673339366912842
            ],
            [
                -0.03191113844513893,
                -0.6086991429328918,
                -0.7927609086036682
            ]
        ],
        "fy": 3000.440185546875,
        "fx": 3000.440185546875
    },
    {
        "id": 6,
        "img_name": "P0070007.jpg",
        "width": 2502,
        "height": 2155,
        "position": [
            8.209798812866211,
            -26.61408805847168,
            271.5660400390625
        ],
        "rotation": [
            [
                0.9639453291893005,
                0.1929636299610138,
                -0.18323297798633575
            ],
            [
                0.264289528131485,
                -0.7744433879852295,
                0.5747921466827393
            ],
            [
                -0.030990026891231537,
                -0.6024948358535767,
                -0.7975196242332458
            ]
        ],
        "fy": 3000.440185546875,
        "fx": 3000.440185546875
    },
    {
        "id": 7,
        "img_name": "P0080008.jpg",
        "width": 2512,
        "height": 2152,
        "position": [
            6.364105224609375,
            -27.030492782592773,
            271.5366516113281
        ],
        "rotation": [
            [
                0.9792199730873108,
                0.1410309374332428,
                -0.14573493599891663
            ],
            [
                0.20023059844970703,
                -0.7863795161247253,
                0.5843954682350159
            ],
            [
                -0.03218516707420349,
                -0.6014319658279419,
                -0.7982771396636963
            ]
        ],
        "fy": 3000.440185546875,
        "fx": 3000.440185546875
    },
    {
        "id": 8,
        "img_name": "P0090009.jpg",
        "width": 2550,
        "height": 2156,
        "position": [
            4.354560852050781,
            -27.175500869750977,
            271.5180969238281
        ],
        "rotation": [
            [
                0.9904184341430664,
                0.0885535329580307,
                -0.10596974194049835
            ],
            [
                0.1342112272977829,
                -0.7980004549026489,
                0.5875248312950134
            ],
            [
                -0.03253766521811485,
                -0.5961179137229919,
                -0.802239179611206
            ]
        ],
        "fy": 3000.440185546875,
        "fx": 3000.440185546875
    },
    {
        "id": 9,
        "img_name": "P0100010.jpg",
        "width": 2591,
        "height": 2152,
        "position": [
            2.143571615219116,
            -27.239261627197266,
            271.57275390625
        ],
        "rotation": [
            [
                0.9976179599761963,
                0.029661983251571655,
                -0.06227698177099228
            ],
            [
                0.06076730415225029,
                -0.8051714301109314,
                0.5899224877357483
            ],
            [
                -0.03264564275741577,
                -0.5923017263412476,
                -0.8050559759140015
            ]
        ],
        "fy": 3000.440185546875,
        "fx": 3000.440185546875
    },
    {
        "id": 10,
        "img_name": "P0110011.jpg",
        "width": 2642,
        "height": 2156,
        "position": [
            0.2959837019443512,
            -27.03481674194336,
            271.6317138671875
        ],
        "rotation": [
            [
                0.9994756579399109,
                -0.0175775233656168,
                -0.02719634212553501
            ],
            [
                0.0016790955560281873,
                -0.810598611831665,
                0.5855979323387146
            ],
            [
                -0.032337527722120285,
                -0.585336446762085,
                -0.8101440072059631
            ]
        ],
        "fy": 3000.440185546875,
        "fx": 3000.440185546875
    },
    {
        "id": 11,
        "img_name": "P0120012.jpg",
        "width": 2755,
        "height": 2159,
        "position": [
            -1.6915900707244873,
            -26.83521842956543,
            271.6451721191406
        ],
        "rotation": [
            [
                0.9970397353172302,
                -0.07556524872779846,
                0.014204859733581543
            ],
            [
                -0.06971943378448486,
                -0.8106185793876648,
                0.581410825252533
            ],
            [
                -0.03242020308971405,
                -0.5806798934936523,
                -0.8134871125221252
            ]
        ],
        "fy": 3000.440185546875,
        "fx": 3000.440185546875
    },
    {
        "id": 12,
        "img_name": "P0130013.jpg",
        "width": 2889,
        "height": 2159,
        "position": [
            -3.5221073627471924,
            -26.496477127075195,
            271.58966064453125
        ],
        "rotation": [
            [
                0.9901167154312134,
                -0.1302286684513092,
                0.05205230414867401
            ],
            [
                -0.13629527390003204,
                -0.806032657623291,
                0.5759624242782593
            ],
            [
                -0.03305213898420334,
                -0.577364444732666,
                -0.8158161044120789
            ]
        ],
        "fy": 3000.440185546875,
        "fx": 3000.440185546875
    },
    {
        "id": 13,
        "img_name": "P0140014.jpg",
        "width": 3037,
        "height": 2164,
        "position": [
            -5.144116401672363,
            -26.110170364379883,
            271.522216796875
        ],
        "rotation": [
            [
                0.97986900806427,
                -0.18021877110004425,
                0.0858929231762886
            ],
            [
                -0.19675587117671967,
                -0.7988708019256592,
                0.5684095621109009
            ],
            [
                -0.03381921723484993,
                -0.5738673806190491,
                -0.8182480335235596
            ]
        ],
        "fy": 3000.440185546875,
        "fx": 3000.440185546875
    },
    {
        "id": 14,
        "img_name": "P0150015.jpg",
        "width": 3142,
        "height": 2165,
        "position": [
            -6.735553741455078,
            -25.572734832763672,
            271.45428466796875
        ],
        "rotation": [
            [
                0.9662721157073975,
                -0.2280762493610382,
                0.11957838386297226
            ],
            [
                -0.2553865909576416,
                -0.7889977097511292,
                0.558803141117096
            ],
            [
                -0.033102817833423615,
                -0.5704948306083679,
                -0.8206340670585632
            ]
        ],
        "fy": 3000.440185546875,
        "fx": 3000.440185546875
    },
    {
        "id": 15,
        "img_name": "P0160016.jpg",
        "width": 3270,
        "height": 2151,
        "position": [
            -9.000285148620605,
            -24.590951919555664,
            271.7647399902344
        ],
        "rotation": [
            [
                0.938728392124176,
                -0.30063122510910034,
                0.16855216026306152
            ],
            [
                -0.3431406021118164,
                -0.7693687081336975,
                0.5388200879096985
            ],
            [
                -0.03230614587664604,
                -0.5636427402496338,
                -0.8253872990608215
            ]
        ],
        "fy": 3000.440185546875,
        "fx": 3000.440185546875
    },
    {
        "id": 16,
        "img_name": "P0170017.jpg",
        "width": 3488,
        "height": 2163,
        "position": [
            -11.871514320373535,
            -23.193958282470703,
            271.8916015625
        ],
        "rotation": [
            [
                0.8897497653961182,
                -0.3929462432861328,
                0.2322503626346588
            ],
            [
                -0.4554153084754944,
                -0.7300087213516235,
                0.5095923542976379
            ],
            [
                -0.030698390677571297,
                -0.5591796636581421,
                -0.8284791111946106
            ]
        ],
        "fy": 3000.440185546875,
        "fx": 3000.440185546875
    },
    {
        "id": 17,
        "img_name": "P0180018.jpg",
        "width": 3578,
        "height": 2171,
        "position": [
            -13.289213180541992,
            -22.524627685546875,
            272.0230407714844
        ],
        "rotation": [
            [
                0.8629566431045532,
                -0.4320567548274994,
                0.26197823882102966
            ],
            [
                -0.5044746994972229,
                -0.7075017690658569,
                0.49492567777633667
            ],
            [
                -0.02848614938557148,
                -0.5592607259750366,
                -0.8285048007965088
            ]
        ],
        "fy": 3000.440185546875,
        "fx": 3000.440185546875
    },
    {
        "id": 18,
        "img_name": "P0190019.jpg",
        "width": 3720,
        "height": 2188,
        "position": [
            -14.852280616760254,
            -21.266075134277344,
            271.96893310546875
        ],
        "rotation": [
            [
                0.8277600407600403,
                -0.4781254529953003,
                0.29361820220947266
            ],
            [
                -0.5604934692382812,
                -0.6806622743606567,
                0.47174757719039917
            ],
            [
                -0.025700310245156288,
                -0.5550646781921387,
                -0.8314110636711121
            ]
        ],
        "fy": 3000.440185546875,
        "fx": 3000.440185546875
    },
    {
        "id": 19,
        "img_name": "P0200020.jpg",
        "width": 3870,
        "height": 2205,
        "position": [
            -16.542207717895508,
            -19.934818267822266,
            272.0113220214844
        ],
        "rotation": [
            [
                0.7799901962280273,
                -0.531473696231842,
                0.33038100600242615
            ],
            [
                -0.6253171563148499,
                -0.6413698196411133,
                0.4445464611053467
            ],
            [
                -0.024369236081838608,
                -0.5533356070518494,
                -0.832602322101593
            ]
        ],
        "fy": 3000.440185546875,
        "fx": 3000.440185546875
    },
    {
        "id": 20,
        "img_name": "P0210021.jpg",
        "width": 3870,
        "height": 2221,
        "position": [
            -17.82394027709961,
            -18.636125564575195,
            272.00439453125
        ],
        "rotation": [
            [
                0.738098680973053,
                -0.5722827911376953,
                0.35735568404197693
            ],
            [
                -0.6743089556694031,
                -0.6078450083732605,
                0.41932448744773865
            ],
            [
                -0.022755850106477737,
                -0.5504715442657471,
                -0.83454430103302
            ]
        ],
        "fy": 3000.440185546875,
        "fx": 3000.440185546875
    },
    {
        "id": 21,
        "img_name": "P0220022.jpg",
        "width": 4085,
        "height": 2232,
        "position": [
            -18.79963493347168,
            -17.40186882019043,
            272.0055847167969
        ],
        "rotation": [
            [
                0.700069785118103,
                -0.6055269837379456,
                0.37846991419792175
            ],
            [
                -0.7137609720230103,
                -0.5776830911636353,
                0.39601582288742065
            ],
            [
                -0.021162595599889755,
                -0.5473758578300476,
                -0.8366202116012573
            ]
        ],
        "fy": 3000.440185546875,
        "fx": 3000.440185546875
    },
    {
        "id": 22,
        "img_name": "P0230023.jpg",
        "width": 3663,
        "height": 2243,
        "position": [
            -20.061561584472656,
            -16.138736724853516,
            272.00469970703125
        ],
        "rotation": [
            [
                0.651064395904541,
                -0.6408361792564392,
                0.40675032138824463
            ],
            [
                -0.758768618106842,
                -0.5356347560882568,
                0.3706319034099579
            ],
            [
                -0.01964392326772213,
                -0.5499339699745178,
                -0.8349787592887878
            ]
        ],
        "fy": 3000.440185546875,
        "fx": 3000.440185546875
    },
    {
        "id": 23,
        "img_name": "P0240024.jpg",
        "width": 3516,
        "height": 2280,
        "position": [
            -21.490154266357422,
            -14.349146842956543,
            271.88092041015625
        ],
        "rotation": [
            [
                0.5856904983520508,
                -0.6838424801826477,
                0.43511730432510376
            ],
            [
                -0.8103402853012085,
                -0.48226046562194824,
                0.3328220248222351
            ],
            [
                -0.017758484929800034,
                -0.5475248098373413,
                -0.8366016149520874
            ]
        ],
        "fy": 3000.440185546875,
        "fx": 3000.440185546875
    },
    {
        "id": 24,
        "img_name": "P0250025.jpg",
        "width": 3288,
        "height": 2314,
        "position": [
            -22.964380264282227,
            -11.833532333374023,
            271.8846435546875
        ],
        "rotation": [
            [
                0.49159204959869385,
                -0.7349547743797302,
                0.4670976996421814
            ],
            [
                -0.8706868290901184,
                -0.4052499830722809,
                0.27870869636535645
            ],
            [
                -0.015547985211014748,
                -0.5437057018280029,
                -0.8391320109367371
            ]
        ],
        "fy": 3000.440185546875,
        "fx": 3000.440185546875
    },
    {
        "id": 25,
        "img_name": "P0260026.jpg",
        "width": 3095,
        "height": 2328,
        "position": [
            -24.603965759277344,
            -9.801261901855469,
            271.9690246582031
        ],
        "rotation": [
            [
                0.41899949312210083,
                -0.7595349550247192,
                0.49754178524017334
            ],
            [
                -0.9079160094261169,
                -0.3436191976070404,
                0.24003125727176666
            ],
            [
                -0.011348266154527664,
                -0.5522986650466919,
                -0.8335705995559692
            ]
        ],
        "fy": 3000.440185546875,
        "fx": 3000.440185546875
    },
    {
        "id": 26,
        "img_name": "P0270027.jpg",
        "width": 2963,
        "height": 2349,
        "position": [
            -25.298795700073242,
            -8.290557861328125,
            271.9281921386719
        ],
        "rotation": [
            [
                0.3640700578689575,
                -0.7784227728843689,
                0.5113821029663086
            ],
            [
                -0.9313212633132935,
                -0.2985416054725647,
                0.20860077440738678
            ],
            [
                -0.009713336825370789,
                -0.552206814289093,
                -0.833651602268219
            ]
        ],
        "fy": 3000.440185546875,
        "fx": 3000.440185546875
    },
    {
        "id": 27,
        "img_name": "P0280028.jpg",
        "width": 2829,
        "height": 2360,
        "position": [
            -25.81352996826172,
            -6.661230087280273,
            271.9325866699219
        ],
        "rotation": [
            [
                0.30398356914520264,
                -0.795455813407898,
                0.5242558121681213
            ],
            [
                -0.952643871307373,
                -0.24915383756160736,
                0.17434437572956085
            ],
            [
                -0.00806479062885046,
                -0.5524269342422485,
                -0.8335245251655579
            ]
        ],
        "fy": 3000.440185546875,
        "fx": 3000.440185546875
    },
    {
        "id": 28,
        "img_name": "P0290029.jpg",
        "width": 2615,
        "height": 2379,
        "position": [
            -26.350772857666016,
            -4.063622951507568,
            271.8511962890625
        ],
        "rotation": [
            [
                0.21474793553352356,
                -0.8146087527275085,
                0.5387902855873108
            ],
            [
                -0.9766539335250854,
                -0.17601585388183594,
                0.12314613908529282
            ],
            [
                -0.005480303429067135,
                -0.5526573657989502,
                -0.8333904147148132
            ]
        ],
        "fy": 3000.440185546875,
        "fx": 3000.440185546875
    },
    {
        "id": 29,
        "img_name": "P0300030.jpg",
        "width": 2319,
        "height": 2409,
        "position": [
            -27.177631378173828,
            0.33848094940185547,
            271.8067321777344
        ],
        "rotation": [
            [
                0.06500565260648727,
                -0.8276048302650452,
                0.557534396648407
            ],
            [
                -0.9978836178779602,
                -0.05298807844519615,
                0.037693317979574203
            ],
            [
                -0.0016514380695298314,
                -0.5588045120239258,
                -0.8292979001998901
            ]
        ],
        "fy": 3000.440185546875,
        "fx": 3000.440185546875
    },
    {
        "id": 30,
        "img_name": "P0310031.jpg",
        "width": 2213,
        "height": 2422,
        "position": [
            -27.079200744628906,
            3.3780112266540527,
            271.7920227050781
        ],
        "rotation": [
            [
                -0.039165664464235306,
                -0.8273629546165466,
                0.5603011846542358
            ],
            [
                -0.9992330074310303,
                0.03202924504876137,
                -0.022560380399227142
            ],
            [
                0.0007188593735918403,
                -0.5607545971870422,
                -0.8279829621315002
            ]
        ],
        "fy": 3000.440185546875,
        "fx": 3000.440185546875
    },
    {
        "id": 31,
        "img_name": "P0320032.jpg",
        "width": 2208,
        "height": 2433,
        "position": [
            -27.055206298828125,
            5.434556484222412,
            271.7904052734375
        ],
        "rotation": [
            [
                -0.11447957158088684,
                -0.8198031783103943,
                0.5610887408256531
            ],
            [
                -0.993424117565155,
                0.09315483272075653,
                -0.06657694280147552
            ],
            [
                0.0023156425449997187,
                -0.5650201439857483,
                -0.825076162815094
            ]
        ],
        "fy": 3000.440185546875,
        "fx": 3000.440185546875
    },
    {
        "id": 32,
        "img_name": "P0330033.jpg",
        "width": 2197,
        "height": 2444,
        "position": [
            -26.715576171875,
            7.4983601570129395,
            271.7695617675781
        ],
        "rotation": [
            [
                -0.18412020802497864,
                -0.8105472922325134,
                0.5559808015823364
            ],
            [
                -0.9828936457633972,
                0.14920462667942047,
                -0.10796946287155151
            ],
            [
                0.004557403270155191,
                -0.5663489103317261,
                -0.8241539597511292
            ]
        ],
        "fy": 3000.440185546875,
        "fx": 3000.440185546875
    },
    {
        "id": 33,
        "img_name": "P0340034.jpg",
        "width": 2193,
        "height": 2454,
        "position": [
            -26.260034561157227,
            8.855582237243652,
            271.6810302734375
        ],
        "rotation": [
            [
                -0.22798632085323334,
                -0.8037236332893372,
                0.5495896935462952
            ],
            [
                -0.9736438989639282,
                0.1846179962158203,
                -0.13391241431236267
            ],
            [
                0.006164774764329195,
                -0.5656353831291199,
                -0.8246309161186218
            ]
        ],
        "fy": 3000.440185546875,
        "fx": 3000.440185546875
    },
    {
        "id": 34,
        "img_name": "P0350035.jpg",
        "width": 2200,
        "height": 2457,
        "position": [
            -25.68630027770996,
            11.16435432434082,
            271.68731689453125
        ],
        "rotation": [
            [
                -0.30629727244377136,
                -0.782802939414978,
                0.541662871837616
            ],
            [
                -0.9519090056419373,
                0.2477167546749115,
                -0.18028844892978668
            ],
            [
                0.006951912306249142,
                -0.5708365440368652,
                -0.8210319876670837
            ]
        ],
        "fy": 3000.440185546875,
        "fx": 3000.440185546875
    },
    {
        "id": 35,
        "img_name": "P0360036.jpg",
        "width": 2204,
        "height": 2462,
        "position": [
            -25.112478256225586,
            13.053313255310059,
            271.5252380371094
        ],
        "rotation": [
            [
                -0.3682737350463867,
                -0.7608194351196289,
                0.5343484878540039
            ],
            [
                -0.9296813011169434,
                0.29629287123680115,
                -0.21886804699897766
            ],
            [
                0.008195387199521065,
                -0.577377200126648,
                -0.8164364695549011
            ]
        ],
        "fy": 3000.440185546875,
        "fx": 3000.440185546875
    },
    {
        "id": 36,
        "img_name": "P0370037.jpg",
        "width": 2200,
        "height": 2481,
        "position": [
            -24.36151123046875,
            14.235568046569824,
            271.20098876953125
        ],
        "rotation": [
            [
                -0.4071229100227356,
                -0.7482978701591492,
                0.5237340927124023
            ],
            [
                -0.913317084312439,
                0.3272760510444641,
                -0.24236445128917694
            ],
            [
                0.009955874644219875,
                -0.5770086050033569,
                -0.8166744709014893
            ]
        ],
        "fy": 3000.440185546875,
        "fx": 3000.440185546875
    },
    {
        "id": 37,
        "img_name": "P0380038.jpg",
        "width": 2200,
        "height": 2492,
        "position": [
            -23.2983455657959,
            16.75738525390625,
            271.0811767578125
        ],
        "rotation": [
            [
                -0.487621009349823,
                -0.7114120721817017,
                0.5060806274414062
            ],
            [
                -0.8730061054229736,
                0.3911972939968109,
                -0.29124653339385986
            ],
            [
                0.009219128638505936,
                -0.5838297009468079,
                -0.8118230104446411
            ]
        ],
        "fy": 3000.440185546875,
        "fx": 3000.440185546875
    },
    {
        "id": 38,
        "img_name": "P0390039.jpg",
        "width": 2209,
        "height": 2498,
        "position": [
            -22.52443504333496,
            18.236305236816406,
            271.0926513671875
        ],
        "rotation": [
            [
                -0.5362403988838196,
                -0.68710857629776,
                0.4902350902557373
            ],
            [
                -0.8439949750900269,
                0.42891088128089905,
                -0.32203856110572815
            ],
            [
                0.01100779976695776,
                -0.5864453315734863,
                -0.8099158406257629
            ]
        ],
        "fy": 3000.440185546875,
        "fx": 3000.440185546875
    },
    {
        "id": 39,
        "img_name": "P0400040.jpg",
        "width": 2236,
        "height": 2485,
        "position": [
            -21.059734344482422,
            19.73780059814453,
            271.25762939453125
        ],
        "rotation": [
            [
                -0.6000470519065857,
                -0.6521666646003723,
                0.46327587962150574
            ],
            [
                -0.7998548150062561,
                0.4794537425041199,
                -0.36104995012283325
            ],
            [
                0.0133450236171484,
                -0.5871996879577637,
                -0.8093337416648865
            ]
        ],
        "fy": 3000.440185546875,
        "fx": 3000.440185546875
    },
    {
        "id": 40,
        "img_name": "P0410041.jpg",
        "width": 2254,
        "height": 2514,
        "position": [
            -19.813777923583984,
            20.883739471435547,
            271.4546203613281
        ],
        "rotation": [
            [
                -0.648600161075592,
                -0.6216719746589661,
                0.4391314685344696
            ],
            [
                -0.7609914541244507,
                0.5186662077903748,
                -0.3897227346897125
            ],
            [
                0.014520165510475636,
                -0.5869424343109131,
                -0.8094990253448486
            ]
        ],
        "fy": 3000.440185546875,
        "fx": 3000.440185546875
    },
    {
        "id": 41,
        "img_name": "P0420042.jpg",
        "width": 2272,
        "height": 2571,
        "position": [
            -18.15260887145996,
            22.26936912536621,
            271.7091064453125
        ],
        "rotation": [
            [
                -0.70533686876297,
                -0.5825679898262024,
                0.4038756191730499
            ],
            [
                -0.7086724638938904,
                0.5659331679344177,
                -0.4213153123855591
            ],
            [
                0.016874825581908226,
                -0.5833824276924133,
                -0.8120233416557312
            ]
        ],
        "fy": 3000.440185546875,
        "fx": 3000.440185546875
    },
    {
        "id": 42,
        "img_name": "P0430043.jpg",
        "width": 2291,
        "height": 2469,
        "position": [
            -16.4481258392334,
            23.437076568603516,
            271.6100158691406
        ],
        "rotation": [
            [
                -0.7571234107017517,
                -0.5380014181137085,
                0.3705635964870453
            ],
            [
                -0.6530261635780334,
                0.6077399849891663,
                -0.4518911838531494
            ],
            [
                0.017908630892634392,
                -0.5841271281242371,
                -0.8114645481109619
            ]
        ],
        "fy": 3000.440185546875,
        "fx": 3000.440185546875
    },
    {
        "id": 43,
        "img_name": "P0440044.jpg",
        "width": 2307,
        "height": 2383,
        "position": [
            -14.935103416442871,
            24.170372009277344,
            271.6947326660156
        ],
        "rotation": [
            [
                -0.7954755425453186,
                -0.5016547441482544,
                0.33993422985076904
            ],
            [
                -0.6056782603263855,
                0.640410840511322,
                -0.4722626805305481
            ],
            [
                0.01921432837843895,
                -0.5815639495849609,
                -0.8132715821266174
            ]
        ],
        "fy": 3000.440185546875,
        "fx": 3000.440185546875
    },
    {
        "id": 44,
        "img_name": "P0450045.jpg",
        "width": 2313,
        "height": 2278,
        "position": [
            -13.112470626831055,
            25.03839111328125,
            271.62152099609375
        ],
        "rotation": [
            [
                -0.8358123898506165,
                -0.4561372399330139,
                0.3055499792098999
            ],
            [
                -0.5486567616462708,
                0.6738123893737793,
                -0.49492043256759644
            ],
            [
                0.019864581525325775,
                -0.5813036561012268,
                -0.8134448528289795
            ]
        ],
        "fy": 3000.440185546875,
        "fx": 3000.440185546875
    },
    {
        "id": 45,
        "img_name": "P0460046.jpg",
        "width": 2334,
        "height": 2207,
        "position": [
            -11.36637020111084,
            25.51211166381836,
            270.9457702636719
        ],
        "rotation": [
            [
                -0.8724473714828491,
                -0.40590789914131165,
                0.272172749042511
            ],
            [
                -0.4883100688457489,
                0.7015292644500732,
                -0.5190427303314209
            ],
            [
                0.01974637433886528,
                -0.5857433676719666,
                -0.8102567791938782
            ]
        ],
        "fy": 3000.440185546875,
        "fx": 3000.440185546875
    },
    {
        "id": 46,
        "img_name": "P0470047.jpg",
        "width": 2341,
        "height": 2090,
        "position": [
            -8.951920509338379,
            26.33964729309082,
            270.64898681640625
        ],
        "rotation": [
            [
                -0.9136394262313843,
                -0.33990660309791565,
                0.22299957275390625
            ],
            [
                -0.40606898069381714,
                0.736953616142273,
                -0.5403807759284973
            ],
            [
                0.019338540732860565,
                -0.5842629671096802,
                -0.8113356828689575
            ]
        ],
        "fy": 3000.440185546875,
        "fx": 3000.440185546875
    },
    {
        "id": 47,
        "img_name": "P0480048.jpg",
        "width": 2335,
        "height": 2041,
        "position": [
            -7.730367183685303,
            26.539939880371094,
            271.0363464355469
        ],
        "rotation": [
            [
                -0.9281761050224304,
                -0.3131275773048401,
                0.20110078155994415
            ],
            [
                -0.37153780460357666,
                0.7489749193191528,
                -0.5486307740211487
            ],
            [
                0.021171841770410538,
                -0.5839424133300781,
                -0.8115187883377075
            ]
        ],
        "fy": 3000.440185546875,
        "fx": 3000.440185546875
    },
    {
        "id": 48,
        "img_name": "P0490049.jpg",
        "width": 2343,
        "height": 1913,
        "position": [
            -5.038636684417725,
            26.833532333374023,
            271.42730712890625
        ],
        "rotation": [
            [
                -0.9593725204467773,
                -0.24142533540725708,
                0.14600402116775513
            ],
            [
                -0.28115105628967285,
                0.7747461199760437,
                -0.5663238167762756
            ],
            [
                0.023609282448887825,
                -0.5843647122383118,
                -0.8111469745635986
            ]
        ],
        "fy": 3000.440185546875,
        "fx": 3000.440185546875
    },
    {
        "id": 49,
        "img_name": "P0500050.jpg",
        "width": 2339,
        "height": 1835,
        "position": [
            -3.399327278137207,
            27.028438568115234,
            271.4187316894531
        ],
        "rotation": [
            [
                -0.9737955927848816,
                -0.19722196459770203,
                0.11326786130666733
            ],
            [
                -0.22618001699447632,
                0.7875971794128418,
                -0.5731767416000366
            ],
            [
                0.023832088336348534,
                -0.5837756395339966,
                -0.8115668296813965
            ]
        ],
        "fy": 3000.440185546875,
        "fx": 3000.440185546875
    },
    {
        "id": 50,
        "img_name": "P0510051.jpg",
        "width": 2349,
        "height": 1736,
        "position": [
            -1.4169656038284302,
            26.99747085571289,
            271.3051452636719
        ],
        "rotation": [
            [
                -0.9883889555931091,
                -0.13587775826454163,
                0.06800984591245651
            ],
            [
                -0.15000967681407928,
                0.8014044761657715,
                -0.5790058374404907
            ],
            [
                0.024168524891138077,
                -0.5824848413467407,
                -0.8124819993972778
            ]
        ],
        "fy": 3000.440185546875,
        "fx": 3000.440185546875
    },
    {
        "id": 51,
        "img_name": "P0520052.jpg",
        "width": 2306,
        "height": 1622,
        "position": [
            0.6748110055923462,
            26.975788116455078,
            271.2817687988281
        ],
        "rotation": [
            [
                -0.9974242448806763,
                -0.06885707378387451,
                0.020167596638202667
            ],
            [
                -0.06767354160547256,
                0.8094404935836792,
                -0.583289623260498
            ],
            [
                0.023837512359023094,
                -0.58315110206604,
                -0.8120155930519104
            ]
        ],
        "fy": 3000.440185546875,
        "fx": 3000.440185546875
    },
    {
        "id": 52,
        "img_name": "P0530053.jpg",
        "width": 2255,
        "height": 1567,
        "position": [
            3.0578606128692627,
            26.507930755615234,
            271.19317626953125
        ],
        "rotation": [
            [
                -0.999247133731842,
                0.010581589303910732,
                -0.037319596856832504
            ],
            [
                0.03026724047958851,
                0.814433217048645,
                -0.5794677138328552
            ],
            [
                0.024262528866529465,
                -0.5801607370376587,
                -0.8141402006149292
            ]
        ],
        "fy": 3000.440185546875,
        "fx": 3000.440185546875
