[{"id": 0, "img_name": "STTCOrlando_Anafi_20230325_1", "width": 5262, "height": 3922, "position": [-30.97366714477539, 75.7090835571289, 84.50354766845703], "rotation": [[-0.7489405870437622, -0.4450956881046295, 0.49089670181274414], [-0.6622134447097778, 0.5292786955833435, -0.5304132699966431], [-0.023737013339996338, -0.7223258018493652, -0.6911468505859375]], "fy": 3273.836675, "fx": 3273.836675}, {"id": 1, "img_name": "STTCOrlando_Anafi_20230325_10", "width": 5262, "height": 3922, "position": [-20.23822784423828, 59.549720764160156, 84.26197052001953], "rotation": [[-0.7814533710479736, -0.42192232608795166, 0.4596872329711914], [-0.6237183809280396, 0.5488678216934204, -0.5565245151519775], [-0.017497431486845016, -0.7216131687164307, -0.692075252532959]], "fy": 3273.836675, "fx": 3273.836675}, {"id": 2, "img_name": "STTCOrlando_Anafi_20230325_100", "width": 5262, "height": 3922, "position": [-48.65632629394531, -78.89278411865234, 83.11531829833984], "rotation": [[-0.7820923328399658, -0.42198044061660767, 0.45854687690734863], [-0.6229831576347351, 0.5471482276916504, -0.5590357780456543], [-0.014991098083555698, -0.7228841185569763, -0.6908074617385864]], "fy": 3273.836675, "fx": 3273.836675}, {"id": 3, "img_name": "STTCOrlando_Anafi_20230325_1000", "width": 5262, "height": 3922, "position": [-43.2151985168457, -14.012700080871582, 46.601295471191406], "rotation": [[0.6633710861206055, -0.6354528665542603, 0.3951438367366791], [-0.7482836842536926, -0.5656492710113525, 0.3465755581855774], [0.0032802352216094732, -0.5255879759788513, -0.8507344722747803]], "fy": 3273.836675, "fx": 3273.836675}, {"id": 4, "img_name": "STTCOrlando_Anafi_20230325_1001", "width": 5262, "height": 3922, "position": [25.9914608001709, 2.993187189102173, 46.17809295654297], "rotation": [[0.750152051448822, 0.5693371295928955, -0.33634334802627563], [0.6612571477890015, -0.6433355808258057, 0.3858190178871155], [0.0032791749108582735, -0.5118322372436523, -0.8590776324272156]], "fy": 3273.836675, "fx": 3273.836675}, {"id": 5, "img_name": "STTCOrlando_Anafi_20230325_1003", "width": 5262, "height": 3922, "position": [12.288684844970703, 8.508829116821289, 45.96677017211914], "rotation": [[-0.7269091010093689, -0.5811973810195923, 0.36580145359039307], [-0.686439037322998, 0.6305033564567566, -0.3623071014881134], [-0.02006670832633972, -0.5144653916358948, -0.8572750687599182]], "fy": 3273.836675, "fx": 3273.836675}, {"id": 6, "img_name": "STTCOrlando_Anafi_20230325_1004", "width": 5262, "height": 3922, "position": [-71.29521179199219, 36.880821228027344, 46.85174560546875], "rotation": [[0.6615806221961975, -0.6414758563041687, 0.3883550465106964], [-0.7498636841773987, -0.5632336139678955, 0.347089946269989], [-0.003915024921298027, -0.5208414196968079, -0.8536437749862671]], "fy": 3273.836675, "fx": 3273.836675}, {"id": 7, "img_name": "STTCOrlando_Anafi_20230325_1005", "width": 5262, "height": 3922, "position": [25.598608016967773, -17.598342895507812, 46.48225784301758], "rotation": [[0.7610028982162476, 0.5633584856987, -0.32171690464019775], [0.6487042307853699, -0.6549791097640991, 0.3875395655632019], [0.007605875376611948, -0.5036182403564453, -0.8638938069343567]], "fy": 3273.836675, "fx": 3273.836675}, {"id": 8, "img_name": "STTCOrlando_Anafi_20230325_1006", "width": 5262, "height": 3922, "position": [-14.914146423339844, 29.483203887939453, 46.423370361328125], "rotation": [[0.7578119039535522, 0.5623409748077393, -0.3308984935283661], [0.652470052242279, -0.6516371369361877, 0.3868468403816223], [0.0019139328505843878, -0.5090585947036743, -0.8607287406921387]], "fy": 3273.836675, "fx": 3273.836675}, {"id": 9, "img_name": "STTCOrlando_Anafi_20230325_1007", "width": 5262, "height": 3922, "position": [-67.68086242675781, 48.710731506347656, 49.22600555419922], "rotation": [[-0.6522532105445862, 0.657736599445343, -0.3767601549625397], [0.7579944133758545, 0.563890278339386, -0.3278294801712036], [-0.0031740665435791016, -0.4994100332260132, -0.8663598299026489]], "fy": 3273.836675, "fx": 3273.836675}, {"id": 10, "img_name": "STTCOrlando_Anafi_20230325_1008", "width": 5262, "height": 3922, "position": [-24.513092041015625, 76.13643646240234, 49.178897857666016], "rotation": [[0.6497095227241516, -0.6621417999267578, 0.37342360615730286], [-0.7601630687713623, -0.5624049305915833, 0.3253476023674011], [-0.005410730838775635, -0.4952443242073059, -0.8687355518341064]], "fy": 3273.836675, "fx": 3273.836675}, {"id": 11, "img_name": "STTCOrlando_Anafi_20230325_101", "width": 5262, "height": 3922, "position": [-79.8134536743164, 42.05915832519531, 83.41210174560547], "rotation": [[-0.5792344212532043, 0.573543906211853, -0.5792527198791504], [0.8151582479476929, 0.40596234798431396, -0.4131718873977661], [-0.0018176402663812041, -0.7115063667297363, -0.7026762366294861]], "fy": 3273.836675, "fx": 3273.836675}, {"id": 12, "img_name": "STTCOrlando_Anafi_20230325_1010", "width": 5262, "height": 3922, "position": [-49.794769287109375, 6.761605262756348, 46.13315200805664], "rotation": [[0.7650313377380371, 0.551810085773468, -0.3320128619670868], [0.6439880132675171, -0.6575499176979065, 0.39103221893310547], [-0.0025396347045898438, -0.512964129447937, -0.8584054708480835]], "fy": 3273.836675, "fx": 3273.836675}, {"id": 13, "img_name": "STTCOrlando_Anafi_20230325_1011", "width": 5262, "height": 3922, "position": [-28.597299575805664, -29.62782859802246, 46.02745819091797], "rotation": [[-0.7412604093551636, -0.5733833312988281, 0.3489498794078827], [-0.6710378527641296, 0.6451095342636108, -0.36543411016464233], [-0.015577267855405807, -0.5050400495529175, -0.862956166267395]], "fy": 3273.836675, "fx": 3273.836675}, {"id": 14, "img_name": "STTCOrlando_Anafi_20230325_1012", "width": 5262, "height": 3922, "position": [0.30300426483154297, -43.08553695678711, 45.42501449584961], "rotation": [[-0.6936812400817871, 0.6292123794555664, -0.35056740045547485], [0.7201315760612488, 0.5959144234657288, -0.35538166761398315], [-0.014702375046908855, -0.49897634983062744, -0.8664905428886414]], "fy": 3273.836675, "fx": 3273.836675}, {"id": 15, "img_name": "STTCOrlando_Anafi_20230325_1013", "width": 5262, "height": 3922, "position": [-12.755278587341309, -44.59373092651367, 45.50005340576172], "rotation": [[0.6476650834083557, -0.6508073806762695, 0.39620593190193176], [-0.7619245648384094, -0.5527027249336243, 0.3376220166683197], [-0.0007425834774039686, -0.5205453038215637, -0.8538324236869812]], "fy": 3273.836675, "fx": 3273.836675}, {"id": 16, "img_name": "STTCOrlando_Anafi_20230325_1014", "width": 5262, "height": 3922, "position": [-1.3676166534423828, -25.676788330078125, 46.09858322143555], "rotation": [[-0.6803776621818542, 0.6408643126487732, -0.35550034046173096], [0.7327103018760681, 0.5849534869194031, -0.34780097007751465], [-0.014941850677132607, -0.497114360332489, -0.8675572276115417]], "fy": 3273.836675, "fx": 3273.836675}, {"id": 17, "img_name": "STTCOrlando_Anafi_20230325_1015", "width": 5262, "height": 3922, "position": [-4.798253059387207, -28.611825942993164, 45.81611251831055], "rotation": [[-0.682294487953186, 0.6392843723297119, -0.3546661138534546], [0.7309144139289856, 0.5862872004508972, -0.34932947158813477], [-0.015384986065328121, -0.49757662415504456, -0.867282509803772]], "fy": 3273.836675, "fx": 3273.836675}, {"id": 18, "img_name": "STTCOrlando_Anafi_20230325_1016", "width": 5262, "height": 3922, "position": [-9.609973907470703, -41.82876205444336, 45.619781494140625], "rotation": [[0.6534527540206909, -0.6463381052017212, 0.39401280879974365], [-0.7569665908813477, -0.5573418140411377, 0.3411308526992798], [-0.0008857633802108467, -0.5211675763130188, -0.8534529805183411]], "fy": 3273.836675, "fx": 3273.836675}, {"id": 19, "img_name": "STTCOrlando_Anafi_20230325_1017", "width": 5262, "height": 3922, "position": [-3.438717842102051, -46.49480056762695, 45.509098052978516], "rotation": [[-0.6882073283195496, 0.6332993507385254, -0.35398250818252563], [0.725388765335083, 0.591537356376648, -0.3519870340824127], [-0.01351916790008545, -0.4990147054195404, -0.8664885759353638]], "fy": 3273.836675, "fx": 3273.836675}, {"id": 20, "img_name": "STTCOrlando_Anafi_20230325_1018", "width": 5262, "height": 3922, "position": [-32.087196350097656, -25.603679656982422, 46.04149627685547], "rotation": [[-0.739781379699707, -0.5749757289886475, 0.34946689009666443], [-0.672679603099823, 0.6436268091201782, -0.3650297522544861], [-0.015043023973703384, -0.5051213502883911, -0.8629177212715149]], "fy": 3273.836675, "fx": 3273.836675}, {"id": 21, "img_name": "STTCOrlando_Anafi_20230325_1019", "width": 5262, "height": 3922, "position": [-46.46700668334961, 2.6689834594726562, 46.10177993774414], "rotation": [[0.7653486132621765, 0.5515936613082886, -0.33164066076278687], [0.6436123847961426, -0.6575791835784912, 0.3916005790233612], [-0.0020757317543029785, -0.5131590962409973, -0.8582899570465088]], "fy": 3273.836675, "fx": 3273.836675}, {"id": 22, "img_name": "STTCOrlando_Anafi_20230325_102", "width": 5262, "height": 3922, "position": [-63.858917236328125, 53.1999397277832, 83.76261901855469], "rotation": [[-0.5797569751739502, 0.5716197490692139, -0.5806290507316589], [0.8147876262664795, 0.4072706699371338, -0.41261449456214905], [0.0006141338380984962, -0.7123064994812012, -0.7018663287162781]], "fy": 3273.836675, "fx": 3273.836675}, {"id": 23, "img_name": "STTCOrlando_Anafi_20230325_1020", "width": 5262, "height": 3922, "position": [-20.806129455566406, 79.75298309326172, 49.28993606567383], "rotation": [[0.6576469540596008, -0.6532852649688721, 0.3751246929168701], [-0.7533190846443176, -0.5681602358818054, 0.33121421933174133], [-0.0032463371753692627, -0.5004107356071472, -0.8657810688018799]], "fy": 3273.836675, "fx": 3273.836675}, {"id": 24, "img_name": "STTCOrlando_Anafi_20230325_1021", "width": 5262, "height": 3922, "position": [-57.43363571166992, 67.5002670288086, 46.667701721191406], "rotation": [[-0.7357498407363892, -0.5808837413787842, 0.34819912910461426], [-0.677151083946228, 0.6397945880889893, -0.3634946644306183], [-0.01162835955619812, -0.5032258033752441, -0.8640747666358948]], "fy": 3273.836675, "fx": 3273.836675}, {"id": 25, "img_name": "STTCOrlando_Anafi_20230325_1022", "width": 5262, "height": 3922, "position": [-11.708696365356445, 25.53928565979004, 46.48674392700195], "rotation": [[0.7608907222747803, 0.5594586730003357, -0.32871150970458984], [0.6488745212554932, -0.6539996266365051, 0.3889002799987793], [0.0025957010220736265, -0.5092031359672546, -0.8606407046318054]], "fy": 3273.836675, "fx": 3273.836675}, {"id": 26, "img_name": "STTCOrlando_Anafi_20230325_1023", "width": 5262, "height": 3922, "position": [-70.30209350585938, 46.46432113647461, 49.285072326660156], "rotation": [[-0.6505789756774902, 0.6597395539283752, -0.3761565387248993], [0.7594202756881714, 0.561531662940979, -0.3285786509513855], [-0.005552202463150024, -0.49942654371261597, -0.8663403391838074]], "fy": 3273.836675, "fx": 3273.836675}, {"id": 27, "img_name": "STTCOrlando_Anafi_20230325_1024", "width": 5262, "height": 3922, "position": [29.436016082763672, -21.864545822143555, 46.47150802612305], "rotation": [[0.7599313855171204, 0.5629758238792419, -0.32490429282188416], [0.6499615907669067, -0.6524626612663269, 0.38967165350914], [0.007387716788798571, -0.50729900598526, -0.861739456653595]], "fy": 3273.836675, "fx": 3273.836675}, {"id": 28, "img_name": "STTCOrlando_Anafi_20230325_1025", "width": 5262, "height": 3922, "position": [-67.74411010742188, 39.98516082763672, 47.02545166015625], "rotation": [[0.6584423780441284, -0.6433630585670471, 0.3905605971813202], [-0.7526241540908813, -0.5606181621551514, 0.3453463315963745], [-0.0032275801058858633, -0.5213359594345093, -0.8533453345298767]], "fy": 3273.836675, "fx": 3273.836675}, {"id": 29, "img_name": "STTCOrlando_Anafi_20230325_1026", "width": 5262, "height": 3922, "position": [15.516545295715332, 4.759820938110352, 45.999534606933594], "rotation": [[-0.7255335450172424, -0.5818890929222107, 0.36743393540382385], [-0.687872588634491, 0.6293444633483887, -0.36160361766815186], [-0.02082943357527256, -0.5151028037071228, -0.8568761348724365]], "fy": 3273.836675, "fx": 3273.836675}, {"id": 30, "img_name": "STTCOrlando_Anafi_20230325_1028", "width": 5262, "height": 3922, "position": [-38.348838806152344, -9.79423713684082, 46.65970230102539], "rotation": [[0.6557173728942871, -0.6428297758102417, 0.3959854543209076], [-0.7550044059753418, -0.5571175813674927, 0.3458143472671509], [-0.00168919179122895, -0.5257273316383362, -0.8506509065628052]], "fy": 3273.836675, "fx": 3273.836675}, {"id": 31, "img_name": "STTCOrlando_Anafi_20230325_1029", "width": 5262, "height": 3922, "position": [29.602861404418945, -1.2617498636245728, 46.16455078125], "rotation": [[0.7456470131874084, 0.5734068155288696, -0.33943313360214233], [0.666338324546814, -0.6402640342712402, 0.3821680545806885], [0.0018105669878423214, -0.5111398696899414, -0.8594936728477478]], "fy": 3273.836675, "fx": 3273.836675}, {"id": 32, "img_name": "STTCOrlando_Anafi_20230325_103", "width": 5262, "height": 3922, "position": [-37.59212112426758, -95.07141876220703, 83.0384750366211], "rotation": [[-0.7804109454154968, -0.4234352707862854, 0.46006983518600464], [-0.6250561475753784, 0.5475268363952637, -0.5563451051712036], [-0.016324758529663086, -0.7217463254928589, -0.6919671297073364]], "fy": 3273.836675, "fx": 3273.836675}, {"id": 33, "img_name": "STTCOrlando_Anafi_20230325_1031", "width": 5262, "height": 3922, "position": [6.152834892272949, 18.668540954589844, 47.17252731323242], "rotation": [[-0.6778588891029358, 0.6459466814994812, -0.3510814309120178], [0.7350704669952393, 0.5868477821350098, -0.3395300805568695], [-0.013287223875522614, -0.4882233738899231, -0.8726159334182739]], "fy": 3273.836675, "fx": 3273.836675}, {"id": 34, "img_name": "STTCOrlando_Anafi_20230325_1032", "width": 5262, "height": 3922, "position": [16.593276977539062, 36.46937942504883, 47.551353454589844], "rotation": [[0.6497144103050232, -0.6497694253921509, 0.3945527672767639], [-0.7601526975631714, -0.5510290861129761, 0.34429365396499634], [-0.006301759276539087, -0.5236127376556396, -0.851935625076294]], "fy": 3273.836675, "fx": 3273.836675}, {"id": 35, "img_name": "STTCOrlando_Anafi_20230325_1034", "width": 5262, "height": 3922, "position": [44.563621520996094, -24.58001708984375, 46.41533279418945], "rotation": [[-0.6867680549621582, 0.6373417973518372, -0.34949105978012085], [0.7266270518302917, 0.5893874764442444, -0.3530372679233551], [-0.019019991159439087, -0.4964046776294708, -0.867882251739502]], "fy": 3273.836675, "fx": 3273.836675}, {"id": 36, "img_name": "STTCOrlando_Anafi_20230325_1035", "width": 5262, "height": 3922, "position": [-26.53489875793457, -9.396403312683105, 45.97039794921875], "rotation": [[-0.7112947106361389, -0.5975282192230225, 0.3701635003089905], [-0.7026148438453674, 0.6192888021469116, -0.3504483997821808], [-0.01983538828790188, -0.5093541145324707, -0.8603290915489197]], "fy": 3273.836675, "fx": 3273.836675}, {"id": 37, "img_name": "STTCOrlando_Anafi_20230325_1037", "width": 5262, "height": 3922, "position": [20.355722427368164, -45.23240280151367, 46.193180084228516], "rotation": [[-0.6843039989471436, 0.6381779313087463, -0.35278254747390747], [0.7289432883262634, 0.5859499573707581, -0.35398322343826294], [-0.01919151470065117, -0.49939098954200745, -0.8661633729934692]], "fy": 3273.836675, "fx": 3273.836675}, {"id": 38, "img_name": "STTCOrlando_Anafi_20230325_1039", "width": 5262, "height": 3922, "position": [15.58271598815918, -47.053768157958984, 46.53757858276367], "rotation": [[0.7661116123199463, 0.554674506187439, -0.324667751789093], [0.6427072286605835, -0.6606813669204712, 0.387849360704422], [0.0006284713745117188, -0.5058023929595947, -0.8626489639282227]], "fy": 3273.836675, "fx": 3273.836675}, {"id": 39, "img_name": "STTCOrlando_Anafi_20230325_104", "width": 5262, "height": 3922, "position": [-104.12139892578125, 1.5324790477752686, 82.57565307617188], "rotation": [[-0.7886856198310852, -0.41803762316703796, 0.450801283121109], [-0.6146429181098938, 0.552635908126831, -0.5628570914268494], [-0.013833880424499512, -0.7209983468055725, -0.6928003430366516]], "fy": 3273.836675, "fx": 3273.836675}, {"id": 40, "img_name": "STTCOrlando_Anafi_20230325_1040", "width": 5262, "height": 3922, "position": [-18.305255889892578, -49.25996017456055, 48.043880462646484], "rotation": [[0.836876392364502, -0.49354493618011475, 0.2367517203092575], [-0.5473905205726624, -0.7556159496307373, 0.3597361445426941], [0.0013474822044372559, -0.43065059185028076, -0.902519166469574]], "fy": 3273.836675, "fx": 3273.836675}, {"id": 41, "img_name": "STTCOrlando_Anafi_20230325_1041", "width": 5262, "height": 3922, "position": [-75.99287414550781, 36.366939544677734, 47.13890838623047], "rotation": [[0.035234399139881134, -0.863006591796875, 0.5039644837379456], [-0.9992266893386841, -0.021584808826446533, 0.03290218114852905], [-0.01751740090548992, -0.504733681678772, -0.8630999326705933]], "fy": 3273.836675, "fx": 3273.836675}, {"id": 42, "img_name": "STTCOrlando_Anafi_20230325_1042", "width": 5262, "height": 3922, "position": [-32.07152557373047, 8.185881614685059, 46.304779052734375], "rotation": [[0.7731377482414246, 0.5439774990081787, -0.3261081576347351], [0.6342322826385498, -0.6653447151184082, 0.39378517866134644], [-0.002764033619314432, -0.5112785696983337, -0.8594111204147339]], "fy": 3273.836675, "fx": 3273.836675}, {"id": 43, "img_name": "STTCOrlando_Anafi_20230325_1043", "width": 5262, "height": 3922, "position": [41.77055740356445, -74.41557312011719, 48.37691879272461], "rotation": [[0.8828760385513306, 0.43428295850753784, -0.1786804497241974], [0.46954694390296936, -0.8103427290916443, 0.3505308926105499], [0.007436096668243408, -0.39337265491485596, -0.9193481802940369]], "fy": 3273.836675, "fx": 3273.836675}, {"id": 44, "img_name": "STTCOrlando_Anafi_20230325_1045", "width": 5262, "height": 3922, "position": [-28.01691436767578, -36.248619079589844, 48.31985855102539], "rotation": [[0.740610659122467, -0.6075692176818848, 0.2869762182235718], [-0.671931266784668, -0.6709929704666138, 0.31349435448646545], [0.0020902238320559263, -0.42500466108322144, -0.9051890969276428]], "fy": 3273.836675, "fx": 3273.836675}, {"id": 45, "img_name": "STTCOrlando_Anafi_20230325_1046", "width": 5262, "height": 3922, "position": [23.285634994506836, -23.530719757080078, 45.86249542236328], "rotation": [[-0.6869049072265625, 0.6347734928131104, -0.35387107729911804], [0.726626992225647, 0.5910012722015381, -0.3503294289112091], [-0.013241473585367203, -0.4977750778198242, -0.8672053813934326]], "fy": 3273.836675, "fx": 3273.836675}, {"id": 46, "img_name": "STTCOrlando_Anafi_20230325_1047", "width": 5262, "height": 3922, "position": [22.35858726501465, -55.48991394042969, 46.712562561035156], "rotation": [[0.7643596529960632, 0.5567668676376343, -0.32521578669548035], [0.6447895765304565, -0.6592079401016235, 0.38690316677093506], [0.0010300874710083008, -0.5054289698600769, -0.862869381904602]], "fy": 3273.836675, "fx": 3273.836675}, {"id": 47, "img_name": "STTCOrlando_Anafi_20230325_1048", "width": 5262, "height": 3922, "position": [-25.563060760498047, 0.20872020721435547, 46.45233917236328], "rotation": [[0.7688350081443787, 0.549113392829895, -0.3276693522930145], [0.6394461989402771, -0.6611879467964172, 0.3923527002334595], [-0.001204676809720695, -0.5111814141273499, -0.8594730496406555]], "fy": 3273.836675, "fx": 3273.836675}, {"id": 48, "img_name": "STTCOrlando_Anafi_20230325_1049", "width": 5262, "height": 3922, "position": [-68.3060302734375, 50.990211486816406, 47.886375427246094], "rotation": [[-0.26458540558815, -0.8667827844619751, 0.42270728945732117], [-0.9641772508621216, 0.2463475465774536, -0.09836030006408691], [-0.018875852227211, -0.43358975648880005, -0.9009124040603638]], "fy": 3273.836675, "fx": 3273.836675}, {"id": 49, "img_name": "STTCOrlando_Anafi_20230325_1050", "width": 5262, "height": 3922, "position": [12.787578582763672, -51.843265533447266, 45.954734802246094], "rotation": [[-0.6822379231452942, 0.6395158171653748, -0.35436007380485535], [0.7308887243270874, 0.5840921998023987, -0.3530413508415222], [-0.018796682357788086, -0.49985596537590027, -0.8659046292304993]], "fy": 3273.836675, "fx": 3273.836675}, {"id": 50, "img_name": "STTCOrlando_Anafi_20230325_1052", "width": 5262, "height": 3922, "position": [-19.706525802612305, -17.258251190185547, 45.85426712036133], "rotation": [[-0.7052024602890015, -0.6022118926048279, 0.37421098351478577], [-0.7087233662605286, 0.6137011051177979, -0.34796953201293945], [-0.020102577283978462, -0.5106001496315002, -0.8595853447914124]], "fy": 3273.836675, "fx": 3273.836675}, {"id": 51, "img_name": "STTCOrlando_Anafi_20230325_1054", "width": 5262, "height": 3922, "position": [23.418899536132812, 6.374258518218994, 46.046566009521484], "rotation": [[0.7573479413986206, 0.5621326565742493, -0.33231186866760254], [0.6530048251152039, -0.6496116518974304, 0.389346182346344], [0.0029905729461461306, -0.5118716955184937, -0.8590573668479919]], "fy": 3273.836675, "fx": 3273.836675}, {"id": 52, "img_name": "STTCOrlando_Anafi_20230325_1055", "width": 5262, "height": 3922, "position": [-30.535890579223633, -3.318084478378296, 46.66593933105469], "rotation": [[0.6569240093231201, -0.6416991949081421, 0.39581942558288574], [-0.7539525628089905, -0.557346761226654, 0.34773603081703186], [-0.002533604856580496, -0.5268653631210327, -0.8499453663825989]], "fy": 3273.836675, "fx": 3273.836675}, {"id": 53, "img_name": "STTCOrlando_Anafi_20230325_1056", "width": 5262, "height": 3922, "position": [-1.4485594034194946, 12.219189643859863, 47.18075942993164], "rotation": [[-0.6777390241622925, 0.6456208825111389, -0.35191601514816284], [0.7351691722869873, 0.5858238935470581, -0.3410820960998535], [-0.014048483222723007, -0.4898819923400879, -0.8716763257980347]], "fy": 3273.836675, "fx": 3273.836675}, {"id": 54, "img_name": "STTCOrlando_Anafi_20230325_1058", "width": 5262, "height": 3922, "position": [8.863722801208496, 12.522699356079102, 45.97632598876953], "rotation": [[-0.7228001356124878, -0.5850855112075806, 0.36774566769599915], [-0.690761923789978, 0.6272847652435303, -0.3596694767475128], [-0.02024395391345024, -0.5139930844306946, -0.8575565218925476]], "fy": 3273.836675, "fx": 3273.836675}, {"id": 55, "img_name": "STTCOrlando_Anafi_20230325_106", "width": 5262, "height": 3922, "position": [22.917783737182617, 24.456815719604492, 83.61377716064453], "rotation": [[0.5787637233734131, -0.5592281222343445, 0.5935460925102234], [-0.8154738545417786, -0.39155927300453186, 0.42624586820602417], [-0.005960977170616388, -0.7307167649269104, -0.6826567053794861]], "fy": 3273.836675, "fx": 3273.836675}, {"id": 56, "img_name": "STTCOrlando_Anafi_20230325_1061", "width": 5262, "height": 3922, "position": [-23.252151489257812, 87.3321533203125, 48.110774993896484], "rotation": [[-0.6620486378669739, 0.6523633003234863, -0.36893755197525024], [0.7494586110115051, 0.574882447719574, -0.3283628225326538], [-0.0021160244941711426, -0.49389538168907166, -0.8695194721221924]], "fy": 3273.836675, "fx": 3273.836675}, {"id": 57, "img_name": "STTCOrlando_Anafi_20230325_1062", "width": 5262, "height": 3922, "position": [-55.4798583984375, 69.52496337890625, 47.41681671142578], "rotation": [[0.6720010042190552, -0.6336655616760254, 0.38325294852256775], [-0.7404999136924744, -0.5689278244972229, 0.35774531960487366], [-0.008647769689559937, -0.524203896522522, -0.8515493869781494]], "fy": 3273.836675, "fx": 3273.836675}, {"id": 58, "img_name": "STTCOrlando_Anafi_20230325_1063", "width": 5262, "height": 3922, "position": [-18.645912170410156, 33.42160415649414, 46.483150482177734], "rotation": [[0.7607220411300659, 0.5592722296714783, -0.3294181525707245], [0.649073600769043, -0.6536641120910645, 0.38913577795028687], [0.0023039367515593767, -0.509840726852417, -0.8602656126022339]], "fy": 3273.836675, "fx": 3273.836675}, {"id": 59, "img_name": "STTCOrlando_Anafi_20230325_1064", "width": 5262, "height": 3922, "position": [-40.158409118652344, 90.92660522460938, 47.38522720336914], "rotation": [[-0.6958791613578796, 0.6266947984695435, -0.3507246673107147], [0.7181238532066345, 0.6023030877113342, -0.348611056804657], [-0.007229894399642944, -0.49445441365242004, -0.8691747188568115]], "fy": 3273.836675, "fx": 3273.836675}, {"id": 60, "img_name": "STTCOrlando_Anafi_20230325_1065", "width": 5262, "height": 3922, "position": [1.3604583740234375, -53.08768844604492, 46.09906768798828], "rotation": [[0.7704054117202759, 0.5488452315330505, -0.3244137763977051], [0.6375541687011719, -0.6629653573036194, 0.39242884516716003], [0.00030744075775146484, -0.5091607570648193, -0.8606704473495483]], "fy": 3273.836675, "fx": 3273.836675}, {"id": 61, "img_name": "STTCOrlando_Anafi_20230325_1066", "width": 5262, "height": 3922, "position": [-39.405643463134766, -17.523122787475586, 46.10418701171875], "rotation": [[-0.7427023649215698, -0.572965145111084, 0.34655851125717163], [-0.6694601774215698, 0.6466767191886902, -0.3655570447444916], [-0.014659762382507324, -0.5035075545310974, -0.863865852355957]], "fy": 3273.836675, "fx": 3273.836675}, {"id": 62, "img_name": "STTCOrlando_Anafi_20230325_1067", "width": 5262, "height": 3922, "position": [-39.359474182128906, -5.776605606079102, 46.07115173339844], "rotation": [[0.7584761381149292, 0.5590826272964478, -0.3348739743232727], [0.6517002582550049, -0.6513364911079407, 0.38864728808403015], [-0.0008297375752590597, -0.5130171775817871, -0.8583773970603943]], "fy": 3273.836675, "fx": 3273.836675}, {"id": 63, "img_name": "STTCOrlando_Anafi_20230325_1068", "width": 5262, "height": 3922, "position": [-1.2327481508255005, -34.618675231933594, 45.76162338256836], "rotation": [[0.6439484357833862, -0.6525706052780151, 0.399352490901947], [-0.765068769454956, -0.5486409664154053, 0.3371425271034241], [-0.0009084630291908979, -0.5226343870162964, -0.8525578379631042]], "fy": 3273.836675, "fx": 3273.836675}, {"id": 64, "img_name": "STTCOrlando_Anafi_20230325_107", "width": 5262, "height": 3922, "position": [-73.0671615600586, -41.82254409790039, 82.64585876464844], "rotation": [[0.6633023023605347, -0.510741114616394, 0.5469676852226257], [-0.7482318878173828, -0.439555823802948, 0.49693095684051514], [-0.013379991054534912, -0.7388737797737122, -0.6737112402915955]], "fy": 3273.836675, "fx": 3273.836675}, {"id": 65, "img_name": "STTCOrlando_Anafi_20230325_1070", "width": 5262, "height": 3922, "position": [-7.512294769287109, -49.87637710571289, 45.43502426147461], "rotation": [[-0.6884796619415283, 0.6322916150093079, -0.3552478551864624], [0.7251249551773071, 0.5908765196800232, -0.35363566875457764], [-0.013693571090698242, -0.5010706186294556, -0.8652967214584351]], "fy": 3273.836675, "fx": 3273.836675}, {"id": 66, "img_name": "STTCOrlando_Anafi_20230325_1071", "width": 5262, "height": 3922, "position": [-5.441734313964844, -38.09337615966797, 45.72981262207031], "rotation": [[0.6520489454269409, -0.646804690361023, 0.3955698311328888], [-0.7581767439842224, -0.556037187576294, 0.34057238698005676], [-0.0003320254327263683, -0.5219816565513611, -0.8529557585716248]], "fy": 3273.836675, "fx": 3273.836675}, {"id": 67, "img_name": "STTCOrlando_Anafi_20230325_1072", "width": 5262, "height": 3922, "position": [-42.68959045410156, -1.8316612243652344, 46.137603759765625], "rotation": [[0.7641301155090332, 0.5531060099601746, -0.33193206787109375], [0.6450597047805786, -0.6566246747970581, 0.39082348346710205], [-0.0017878108192235231, -0.5127559304237366, -0.8585332036018372]], "fy": 3273.836675, "fx": 3273.836675}, {"id": 68, "img_name": "STTCOrlando_Anafi_20230325_1073", "width": 5262, "height": 3922, "position": [-36.05421447753906, -21.16771125793457, 46.07083511352539], "rotation": [[-0.7404285669326782, -0.5747959613800049, 0.34838753938674927], [-0.6719659566879272, 0.6446401476860046, -0.3645554482936859], [-0.01503943745046854, -0.5040321946144104, -0.8635531663894653]], "fy": 3273.836675, "fx": 3273.836675}, {"id": 69, "img_name": "STTCOrlando_Anafi_20230325_1074", "width": 5262, "height": 3922, "position": [-1.8984565734863281, -49.079498291015625, 46.258235931396484], "rotation": [[0.7640057802200317, 0.5553538799285889, -0.328447163105011], [0.6452094912528992, -0.6574759483337402, 0.38914352655410767], [0.00016671419143676758, -0.509225070476532, -0.8606351017951965]], "fy": 3273.836675, "fx": 3273.836675}, {"id": 70, "img_name": "STTCOrlando_Anafi_20230325_1075", "width": 5262, "height": 3922, "position": [-43.201805114746094, 88.15403747558594, 47.3571662902832], "rotation": [[-0.6883478760719299, 0.6328876614570618, -0.3544456362724304], [0.725350022315979, 0.5959740877151489, -0.3445037603378296], [-0.006791591644287109, -0.49423518776893616, -0.8693026304244995]], "fy": 3273.836675, "fx": 3273.836675}, {"id": 71, "img_name": "STTCOrlando_Anafi_20230325_1076", "width": 5262, "height": 3922, "position": [-59.627403259277344, 65.77890014648438, 47.21889114379883], "rotation": [[0.6741613149642944, -0.6321547627449036, 0.3819512128829956], [-0.738540768623352, -0.5713822245597839, 0.3578811585903168], [-0.007995903491973877, -0.5233561992645264, -0.8520756959915161]], "fy": 3273.836675, "fx": 3273.836675}, {"id": 72, "img_name": "STTCOrlando_Anafi_20230325_1077", "width": 5262, "height": 3922, "position": [-21.593482971191406, 37.060306549072266, 46.202823638916016], "rotation": [[0.7590444684028625, 0.5601412653923035, -0.3318031132221222], [0.651037871837616, -0.6521809697151184, 0.3883424997329712], [0.0011307783424854279, -0.5107855796813965, -0.8597075939178467]], "fy": 3273.836675, "fx": 3273.836675}, {"id": 73, "img_name": "STTCOrlando_Anafi_20230325_1079", "width": 5262, "height": 3922, "position": [-17.860424041748047, 82.26116180419922, 49.364837646484375], "rotation": [[0.6385027170181274, -0.6689172983169556, 0.3806096613407135], [-0.769618809223175, -0.555574893951416, 0.31467798352241516], [0.0009638071060180664, -0.493847131729126, -0.869547426700592]], "fy": 3273.836675, "fx": 3273.836675}, {"id": 74, "img_name": "STTCOrlando_Anafi_20230325_108", "width": 5262, "height": 3922, "position": [15.75396728515625, -81.47628784179688, 83.60484313964844], "rotation": [[-0.7807344794273376, -0.42394834756851196, 0.4590444564819336], [-0.6246545910835266, 0.5485139489173889, -0.5558232665061951], [-0.016151761636137962, -0.7206944227218628, -0.6930651068687439]], "fy": 3273.836675, "fx": 3273.836675}, {"id": 75, "img_name": "STTCOrlando_Anafi_20230325_1081", "width": 5262, "height": 3922, "position": [6.061744689941406, 15.926680564880371, 46.06282043457031], "rotation": [[-0.7286944389343262, -0.5801394581794739, 0.3639300465583801], [-0.6845167279243469, 0.6333425641059875, -0.36099132895469666], [-0.021067267283797264, -0.5121678709983826, -0.8586284518241882]], "fy": 3273.836675, "fx": 3273.836675}, {"id": 76, "img_name": "STTCOrlando_Anafi_20230325_1082", "width": 5262, "height": 3922, "position": [2.42669415473938, 15.581835746765137, 47.13729476928711], "rotation": [[-0.6797494888305664, 0.6443902850151062, -0.3502903878688812], [0.7333187460899353, 0.588228702545166, -0.34092679619789124], [-0.013638859614729881, -0.4886190593242645, -0.8723916411399841]], "fy": 3273.836675, "fx": 3273.836675}, {"id": 77, "img_name": "STTCOrlando_Anafi_20230325_1084", "width": 5262, "height": 3922, "position": [19.591686248779297, 10.695535659790039, 46.08101272583008], "rotation": [[0.7427260875701904, 0.5762143731117249, -0.3410792946815491], [0.6695904731750488, -0.6371812224388123, 0.38164037466049194], [0.002577380742877722, -0.5118376016616821, -0.8590787649154663]], "fy": 3273.836675, "fx": 3273.836675}, {"id": 78, "img_name": "STTCOrlando_Anafi_20230325_1085", "width": 5262, "height": 3922, "position": [-34.29690170288086, -6.487590789794922, 46.64685821533203], "rotation": [[0.6564434170722961, -0.642153263092041, 0.3958808183670044], [-0.7543715238571167, -0.5571259260177612, 0.347182035446167], [-0.002388858702033758, -0.5265463590621948, -0.8501439094543457]], "fy": 3273.836675, "fx": 3273.836675}, {"id": 79, "img_name": "STTCOrlando_Anafi_20230325_1087", "width": 5262, "height": 3922, "position": [-23.121679306030273, -13.167641639709473, 45.69346237182617], "rotation": [[-0.7067345976829529, -0.6009491682052612, 0.37334397435188293], [-0.7071874737739563, 0.6152026653289795, -0.3484414219856262], [-0.02028673328459263, -0.5102799534797668, -0.8597686886787415]], "fy": 3273.836675, "fx": 3273.836675}, {"id": 80, "img_name": "STTCOrlando_Anafi_20230325_1089", "width": 5262, "height": 3922, "position": [16.680438995361328, -48.33074951171875, 46.07472229003906], "rotation": [[-0.6872547268867493, 0.6357476115226746, -0.3514378070831299], [0.726155698299408, 0.5882421135902405, -0.3559072017669678], [-0.01953643560409546, -0.4997967481613159, -0.8659242391586304]], "fy": 3273.836675, "fx": 3273.836675}, {"id": 81, "img_name": "STTCOrlando_Anafi_20230325_1090", "width": 5262, "height": 3922, "position": [-28.92658233642578, 4.022272109985352, 46.314571380615234], "rotation": [[0.7760985493659973, 0.5412191152572632, -0.3236551284790039], [0.6306095123291016, -0.6673803329467773, 0.396148681640625], [-0.0015978487208485603, -0.5115504860877991, -0.8592510223388672]], "fy": 3273.836675, "fx": 3273.836675}, {"id": 82, "img_name": "STTCOrlando_Anafi_20230325_1091", "width": 5262, "height": 3922, "position": [-63.3899040222168, 59.071434020996094, 48.13081359863281], "rotation": [[-0.43915992975234985, -0.8166656494140625, 0.3744247853755951], [-0.8982604742050171, 0.40668797492980957, -0.16652972996234894], [-0.01627451181411743, -0.4094647169113159, -0.9121795296669006]], "fy": 3273.836675, "fx": 3273.836675}, {"id": 83, "img_name": "STTCOrlando_Anafi_20230325_1093", "width": 5262, "height": 3922, "position": [18.96830177307129, -51.31486511230469, 46.628108978271484], "rotation": [[0.7638618350028992, 0.557068407535553, -0.3258678913116455], [0.6453796029090881, -0.6589776277542114, 0.3863067626953125], [0.0004595518112182617, -0.5053935050964355, -0.8628884553909302]], "fy": 3273.836675, "fx": 3273.836675}, {"id": 84, "img_name": "STTCOrlando_Anafi_20230325_1094", "width": 5262, "height": 3922, "position": [19.265798568725586, -27.247854232788086, 45.708709716796875], "rotation": [[-0.6870376467704773, 0.6347395777702332, -0.353671133518219], [0.7264912128448486, 0.5908681154251099, -0.35083478689193726], [-0.013715909793972969, -0.4979759752750397, -0.8670811057090759]], "fy": 3273.836675, "fx": 3273.836675}, {"id": 85, "img_name": "STTCOrlando_Anafi_20230325_1096", "width": 5262, "height": 3922, "position": [35.35485076904297, -79.88180541992188, 48.23650360107422], "rotation": [[0.9487826824188232, 0.2900451123714447, -0.125241219997406], [0.3158609867095947, -0.8626025319099426, 0.39515256881713867], [0.006579175591468811, -0.41447263956069946, -0.9100362062454224]], "fy": 3273.836675, "fx": 3273.836675}, {"id": 86, "img_name": "STTCOrlando_Anafi_20230325_1097", "width": 5262, "height": 3922, "position": [5.091068267822266, -35.53451156616211, 46.48081588745117], "rotation": [[0.7712833881378174, 0.5485876798629761, -0.32276007533073425], [0.6364923119544983, -0.6645023226737976, 0.391557902097702], [0.00032951307366602123, -0.5074364542961121, -0.8616911768913269]], "fy": 3273.836675, "fx": 3273.836675}, {"id": 87, "img_name": "STTCOrlando_Anafi_20230325_1098", "width": 5262, "height": 3922, "position": [-49.706729888916016, -4.780503273010254, 47.86850357055664], "rotation": [[0.43416038155555725, -0.8088982105255127, 0.39647176861763], [-0.900795578956604, -0.38565003871917725, 0.19961051642894745], [-0.008565753698348999, -0.44380253553390503, -0.8960858583450317]], "fy": 3273.836675, "fx": 3273.836675}, {"id": 88, "img_name": "STTCOrlando_Anafi_20230325_1099", "width": 5262, "height": 3922, "position": [-76.77383422851562, 34.17267990112305, 46.88172149658203], "rotation": [[0.07770597189664841, -0.8523246049880981, 0.5172075033187866], [-0.996854305267334, -0.058321237564086914, 0.0536576509475708], [-0.015569258481264114, -0.5197502970695496, -0.8541752099990845]], "fy": 3273.836675, "fx": 3273.836675}, {"id": 89, "img_name": "STTCOrlando_Anafi_20230325_1100", "width": 5262, "height": 3922, "position": [55.09254455566406, -6.145401954650879, 49.28003692626953], "rotation": [[0.6488912105560303, -0.6577425003051758, 0.3825112283229828], [-0.7608504891395569, -0.5563958883285522, 0.3339609205722809], [-0.0068326592445373535, -0.5077381730079651, -0.861484169960022]], "fy": 3273.836675, "fx": 3273.836675}, {"id": 90, "img_name": "STTCOrlando_Anafi_20230325_1101", "width": 5262, "height": 3922, "position": [-15.251896858215332, -11.777168273925781, 46.371761322021484], "rotation": [[0.7706428170204163, 0.5477674603462219, -0.32566937804222107], [0.6372670531272888, -0.6630119681358337, 0.3928186893463135], [-0.0007492956356145442, -0.5102611780166626, -0.8600195646286011]], "fy": 3273.836675, "fx": 3273.836675}, {"id": 91, "img_name": "STTCOrlando_Anafi_20230325_1102", "width": 5262, "height": 3922, "position": [-33.28190231323242, -1.3267107009887695, 45.78961944580078], "rotation": [[-0.7123706340789795, -0.5964411497116089, 0.3698474168777466], [-0.7014911770820618, 0.6208868026733398, -0.34987151622772217], [-0.020955877378582954, -0.5086824893951416, -0.8606997132301331]], "fy": 3273.836675, "fx": 3273.836675}, {"id": 92, "img_name": "STTCOrlando_Anafi_20230325_1103", "width": 5262, "height": 3922, "position": [73.62956237792969, -24.65237808227539, 48.64921569824219], "rotation": [[-0.07898842543363571, 0.883643627166748, -0.4614495038986206], [0.996857762336731, 0.07282429933547974, -0.031180888414382935], [0.0060522109270095825, -0.46246230602264404, -0.8866194486618042]], "fy": 3273.836675, "fx": 3273.836675}, {"id": 93, "img_name": "STTCOrlando_Anafi_20230325_1104", "width": 5262, "height": 3922, "position": [-9.336151123046875, -29.490018844604492, 45.89807891845703], "rotation": [[-0.7050988674163818, -0.6008392572402954, 0.37660080194473267], [-0.7087918519973755, 0.6130629777908325, -0.3489530086517334], [-0.021215353161096573, -0.5129778981208801, -0.8581398725509644]], "fy": 3273.836675, "fx": 3273.836675}, {"id": 94, "img_name": "STTCOrlando_Anafi_20230325_1105", "width": 5262, "height": 3922, "position": [10.973393440246582, -53.59145736694336, 45.95318603515625], "rotation": [[-0.7185809016227722, -0.5887284278869629, 0.37018996477127075], [-0.6951349377632141, 0.6238998770713806, -0.3571220338344574], [-0.020713627338409424, -0.5139530301094055, -0.8575683832168579]], "fy": 3273.836675, "fx": 3273.836675}, {"id": 95, "img_name": "STTCOrlando_Anafi_20230325_1106", "width": 5262, "height": 3922, "position": [32.704193115234375, -34.41608428955078, 46.28347396850586], "rotation": [[-0.6919554471969604, 0.6326565742492676, -0.3477683663368225], [0.7216594815254211, 0.5927215814590454, -0.3576148748397827], [-0.020117592066526413, -0.4984239935874939, -0.866699755191803]], "fy": 3273.836675, "fx": 3273.836675}, {"id": 96, "img_name": "STTCOrlando_Anafi_20230325_1107", "width": 5262, "height": 3922, "position": [3.646270751953125, -49.79540252685547, 45.81181716918945], "rotation": [[0.6521709561347961, -0.6478402018547058, 0.39367005228996277], [-0.7580664753913879, -0.5592801570892334, 0.33547067642211914], [0.0028404593467712402, -0.5172122716903687, -0.8558521270751953]], "fy": 3273.836675, "fx": 3273.836675}, {"id": 97, "img_name": "STTCOrlando_Anafi_20230325_1108", "width": 5262, "height": 3922, "position": [-36.498477935791016, -17.77235984802246, 46.6932487487793], "rotation": [[-0.6873111128807068, 0.6353510022163391, -0.3520357012748718], [0.7262228727340698, 0.5916321873664856, -0.35010138154029846], [-