[
    {
        "id": 0,
        "img_name": "DJI_0098.jpg",
        "width": 4864,
        "height": 799,
        "position": [
            -68.46231079101562,
            -36.387969970703125,
            30.890377044677734
        ],
        "rotation": [
            [
                -0.108062744140625,
                0.6627809405326843,
                -0.7409747242927551
            ],
            [
                0.9941375255584717,
                0.07470445334911346,
                -0.07816332578659058
            ],
            [
                0.003548845648765564,
                -0.7450774908065796,
                -0.6669681072235107
            ]
        ],
        "fy": 3644.705322265625,
        "fx": 3644.705322265625
    },
    {
        "id": 1,
        "img_name": "DJI_0206.jpg",
        "width": 3939,
        "height": 3086,
        "position": [
            -36.159934997558594,
            0.2752716541290283,
            32.31889343261719
        ],
        "rotation": [
            [
                -0.112001433968544,
                0.6649472713470459,
                -0.7384451627731323
            ],
            [
                0.9937067627906799,
                0.07364049553871155,
                -0.08440599590539932
            ],
            [
                -0.0017459690570831299,
                -0.743251383304596,
                -0.6690104603767395
            ]
        ],
        "fy": 3644.705322265625,
        "fx": 3644.705322265625
    },
    {
        "id": 2,
        "img_name": "DJI_0344_(2).jpg",
        "width": 474,
        "height": 205,
        "position": [
            -21.94512939453125,
            45.695213317871094,
            25.248868942260742
        ],
        "rotation": [
            [
                -0.1454256772994995,
                0.6751832365989685,
                -0.7231735587120056
            ],
            [
                0.9893001317977905,
                0.10790397971868515,
                -0.0981975793838501
            ],
            [
                0.011732220649719238,
                -0.7297158241271973,
                -0.6836510300636292
            ]
        ],
        "fy": 3644.705322265625,
        "fx": 3644.705322265625
    },
    {
        "id": 3,
        "img_name": "DJI_0570.jpg",
        "width": 2302,
        "height": 3648,
        "position": [
            4.7473554611206055,
            -40.989803314208984,
            29.562803268432617
        ],
        "rotation": [
            [
                -0.9998727440834045,
                -0.01413692906498909,
                -0.007334485650062561
            ],
            [
                -0.004470605403184891,
                0.6911499500274658,
                -0.7226975560188293
            ],
            [
                0.015285952016711235,
                -0.7225730419158936,
                -0.691125214099884
            ]
        ],
        "fy": 3644.705322265625,
        "fx": 3644.705322265625
    },
    {
        "id": 4,
        "img_name": "DJI_0902.jpg",
        "width": 4484,
        "height": 1290,
        "position": [
            -62.8411979675293,
            -99.8622817993164,
            31.469829559326172
        ],
        "rotation": [
            [
                -0.08812016248703003,
                0.675096869468689,
                -0.732448160648346
            ],
            [
                0.9960476756095886,
                0.06798087805509567,
                -0.057174406945705414
            ],
            [
                0.01119452714920044,
                -0.7345909476280212,
                -0.6784193515777588
            ]
        ],
        "fy": 3644.705322265625,
        "fx": 3644.705322265625
    },
    {
        "id": 5,
        "img_name": "DJI_0035.jpg",
        "width": 4864,
        "height": 2294,
        "position": [
            26.131092071533203,
            -53.10295867919922,
            30.286468505859375
        ],
        "rotation": [
            [
                -0.13426810503005981,
                0.6903734803199768,
                -0.7108838558197021
            ],
            [
                0.9909439086914062,
                0.09267447143793106,
                -0.09716464579105377
            ],
            [
                -0.0011993348598480225,
                -0.7174922823905945,
                -0.6965646147727966
            ]
        ],
        "fy": 3644.705322265625,
        "fx": 3644.705322265625
    },
    {
        "id": 6,
        "img_name": "DJI_0485.jpg",
        "width": 1873,
        "height": 1891,
        "position": [
            30.911224365234375,
            -82.33346557617188,
            27.045778274536133
        ],
        "rotation": [
            [
                -0.7955579161643982,
                0.42678263783454895,
                -0.43005093932151794
            ],
            [
                0.605509877204895,
                0.5353456139564514,
                -0.5888655185699463
            ],
            [
                -0.02109163999557495,
                -0.7288768291473389,
                -0.6843196153640747
            ]
        ],
        "fy": 3644.705322265625,
        "fx": 3644.705322265625
    },
    {
        "id": 7,
        "img_name": "DJI_0032.jpg",
        "width": 4864,
        "height": 370,
        "position": [
            64.91547393798828,
            -52.819786071777344,
            29.59239959716797
        ],
        "rotation": [
            [
                -0.11660438030958176,
                0.7105539441108704,
                -0.6939135789871216
            ],
            [
                0.9931761026382446,
                0.08486694097518921,
                -0.07999032735824585
            ],
            [
                0.0020527541637420654,
                -0.6985057592391968,
                -0.7156011462211609
            ]
        ],
        "fy": 3644.705322265625,
        "fx": 3644.705322265625
    },
    {
        "id": 8,
        "img_name": "DJI_0630_(2).jpg",
        "width": 710,
        "height": 502,
        "position": [
            7.368959426879883,
            -10.228927612304688,
            31.517288208007812
        ],
        "rotation": [
            [
                0.8161159157752991,
                -0.4117238521575928,
                0.40550971031188965
            ],
            [
                -0.5775701403617859,
                -0.5578543543815613,
                0.5959954261779785
            ],
            [
                -0.019169935956597328,
                -0.7206116914749146,
                -0.6930731534957886
            ]
        ],
        "fy": 3644.705322265625,
        "fx": 3644.705322265625
    },
    {
        "id": 9,
        "img_name": "DJI_0453.jpg",
        "width": 74,
        "height": 54,
        "position": [
            40.27194595336914,
            -60.95627975463867,
            26.520666122436523
        ],
        "rotation": [
            [
                -0.9994309544563293,
                0.00868728756904602,
                -0.0325411856174469
            ],
            [
                0.02965681627392769,
                0.6849406957626343,
                -0.7279947400093079
            ],
            [
                0.015964515507221222,
                -0.7285467982292175,
                -0.6848079562187195
            ]
        ],
        "fy": 3644.705322265625,
        "fx": 3644.705322265625
    },
    {
        "id": 10,
        "img_name": "DJI_0482.jpg",
        "width": 556,
        "height": 660,
        "position": [
            31.384071350097656,
            -50.75879669189453,
            27.317062377929688
        ],
        "rotation": [
            [
                -0.9997246861457825,
                0.007702857255935669,
                -0.022110462188720703
            ],
            [
                0.02148324064910412,
                0.6772729754447937,
                -0.7354179620742798
            ],
            [
                0.009309959597885609,
                -0.7356913089752197,
                -0.6772515773773193
            ]
        ],
        "fy": 3644.705322265625,
        "fx": 3644.705322265625
    },
    {
        "id": 11,
        "img_name": "DJI_0973_(2).jpg",
        "width": 4864,
        "height": 3648,
        "position": [
            -22.965700149536133,
            -62.90822219848633,
            30.11553382873535
        ],
        "rotation": [
            [
                -0.7032514810562134,
                0.5044386982917786,
                -0.5009791254997253
            ],
            [
                0.7109022736549377,
                0.5063945055007935,
                -0.4880400002002716
            ],
            [
                0.007506817579269409,
                -0.6993617415428162,
                -0.7147291898727417
            ]
        ],
        "fy": 3644.705322265625,
        "fx": 3644.705322265625
    },
    {
        "id": 12,
        "img_name": "DJI_0025_(2).jpg",
        "width": 4864,
        "height": 3278,
        "position": [
            -48.50868606567383,
            -64.39844512939453,
            31.117799758911133
        ],
        "rotation": [
            [
                -0.77890944480896,
                0.41632065176963806,
                -0.46901795268058777
            ],
            [
                0.6269408464431763,
                0.5356184244155884,
                -0.5657360553741455
            ],
            [
                0.01568925380706787,
                -0.734703540802002,
                -0.678207516670227
            ]
        ],
        "fy": 3644.705322265625,
        "fx": 3644.705322265625
    },
    {
        "id": 13,
        "img_name": "DJI_0983_(2).jpg",
        "width": 4864,
        "height": 3648,
        "position": [
            -75.82106018066406,
            -111.0901107788086,
            31.14006996154785
        ],
        "rotation": [
            [
                0.7759970426559448,
                -0.46445268392562866,
                0.4267476797103882
            ],
            [
                -0.630445659160614,
                -0.5505974888801575,
                0.5471572279930115
            ],
            [
                -0.019162669777870178,
                -0.693634033203125,
                -0.7200742363929749
            ]
        ],
        "fy": 3644.705322265625,
        "fx": 3644.705322265625
    },
    {
        "id": 14,
        "img_name": "DJI_0979.jpg",
        "width": 4864,
        "height": 2778,
        "position": [
            19.393770217895508,
            -71.9387435913086,
            29.43048095703125
        ],
        "rotation": [
            [
                -0.10716888308525085,
                0.6832307577133179,
                -0.7222966551780701
            ],
            [
                0.9942355155944824,
                0.07107683271169662,
                -0.08028259873390198
            ],
            [
                -0.003512352705001831,
                -0.7267360687255859,
                -0.6869098544120789
            ]
        ],
        "fy": 3644.705322265625,
        "fx": 3644.705322265625
    },
    {
        "id": 15,
        "img_name": "DJI_0021_(2).jpg",
        "width": 4864,
        "height": 3648,
        "position": [
            -18.50041961669922,
            -21.921846389770508,
            30.916404724121094
        ],
        "rotation": [
            [
                -0.8018633723258972,
                0.397164911031723,
                -0.4464035630226135
            ],
            [
                0.5972886085510254,
                0.5530330538749695,
                -0.5808618068695068
            ],
            [
                0.016178667545318604,
                -0.7324034571647644,
                -0.6806787252426147
            ]
        ],
        "fy": 3644.705322265625,
        "fx": 3644.705322265625
    },
    {
        "id": 16,
        "img_name": "DJI_0987_(2).jpg",
        "width": 4864,
        "height": 3648,
        "position": [
            -45.037147521972656,
            -67.40813446044922,
            31.21722412109375
        ],
        "rotation": [
            [
                0.7938395738601685,
                -0.439572811126709,
                0.4202309846878052
            ],
            [
                -0.6080556511878967,
                -0.5631386041641235,
                0.559592068195343
            ],
            [
                -0.009332835674285889,
                -0.6997501254081726,
                -0.7143265008926392
            ]
        ],
        "fy": 3644.705322265625,
        "fx": 3644.705322265625
    },
    {
        "id": 17,
        "img_name": "DJI_0201.jpg",
        "width": 3612,
        "height": 2131,
        "position": [
            28.301654815673828,
            1.858285903930664,
            31.32358169555664
        ],
        "rotation": [
            [
                -0.1432187706232071,
                0.684579610824585,
                -0.714729905128479
            ],
            [
                0.989678144454956,
                0.09542286396026611,
                -0.10691431164741516
            ],
            [
                -0.004991624038666487,
                -0.7226651310920715,
                -0.6911802887916565
            ]
        ],
        "fy": 3644.705322265625,
        "fx": 3644.705322265625
    },
    {
        "id": 18,
        "img_name": "DJI_0660.jpg",
        "width": 4864,
        "height": 3648,
        "position": [
            -22.52974510192871,
            -59.27859115600586,
            27.860031127929688
        ],
        "rotation": [
            [
                -0.9996575713157654,
                -0.005606040358543396,
                -0.02551482617855072
            ],
            [
                0.01478772796690464,
                0.6837129592895508,
                -0.7296009659767151
            ],
            [
                0.021535009145736694,
                -0.7297292351722717,
                -0.6833955645561218
            ]
        ],
        "fy": 3644.705322265625,
        "fx": 3644.705322265625
    },
    {
        "id": 19,
        "img_name": "DJI_0116.jpg",
        "width": 4864,
        "height": 866,
        "position": [
            55.72170639038086,
            -25.673097610473633,
            30.541067123413086
        ],
        "rotation": [
            [
                -0.12503169476985931,
                0.689986526966095,
                -0.7129412889480591
            ],
            [
                0.9921345114707947,
                0.08261385560035706,
                -0.09404134750366211
            ],
            [
                -0.005988650023937225,
                -0.7190919518470764,
                -0.694888710975647
            ]
        ],
        "fy": 3644.705322265625,
        "fx": 3644.705322265625
    },
    {
        "id": 20,
        "img_name": "DJI_0977_(2).jpg",
        "width": 3812,
        "height": 2275,
        "position": [
            -60.60421371459961,
            -99.59217071533203,
            30.7508487701416
        ],
        "rotation": [
            [
                -0.6959816217422485,
                0.5009966492652893,
                -0.5144018530845642
            ],
            [
                0.7179228067398071,
                0.4993995130062103,
                -0.4849606156349182
            ],
            [
                0.013927847146987915,
                -0.706825315952301,
                -0.7072492837905884
            ]
        ],
        "fy": 3644.705322265625,
        "fx": 3644.705322265625
    },
    {
        "id": 21,
        "img_name": "DJI_0905.jpg",
        "width": 4864,
        "height": 3648,
        "position": [
            -73.4720230102539,
            -94.20942687988281,
            31.10382652282715
        ],
        "rotation": [
            [
                0.2383352518081665,
                -0.7189575433731079,
                0.6529139876365662
            ],
            [
                -0.9710658192634583,
                -0.1659635603427887,
                0.17172078788280487
            ],
            [
                -0.015100210905075073,
                -0.674949586391449,
                -0.7377099990844727
            ]
        ],
        "fy": 3644.705322265625,
        "fx": 3644.705322265625
    },
    {
        "id": 22,
        "img_name": "DJI_0106_(2).jpg",
        "width": 4836,
        "height": 1639,
        "position": [
            4.744078636169434,
            40.80830001831055,
            29.775436401367188
        ],
        "rotation": [
            [
                -0.8221625685691833,
                0.37916016578674316,
                -0.4246032238006592
            ],
            [
                0.5689727067947388,
                0.5707961916923523,
                -0.5919983983039856
            ],
            [
                0.017899930477142334,
                -0.7283059358596802,
                -0.6850192546844482
            ]
        ],
        "fy": 3644.705322265625,
        "fx": 3644.705322265625
    },
    {
        "id": 23,
        "img_name": "DJI_0576_(2).jpg",
        "width": 4864,
        "height": 3648,
        "position": [
            -68.89611053466797,
            -106.7486343383789,
            31.583385467529297
        ],
        "rotation": [
            [
                0.8011627197265625,
                -0.41506287455558777,
                0.4311152994632721
            ],
            [
                -0.5983877182006836,
                -0.5657051801681519,
                0.5673704147338867
            ],
            [
                0.008390367031097412,
                -0.7125304937362671,
                -0.7015902400016785
            ]
        ],
        "fy": 3644.705322265625,
        "fx": 3644.705322265625
    },
    {
        "id": 24,
        "img_name": "DJI_0040.jpg",
        "width": 4864,
        "height": 3054,
        "position": [
            -36.840126037597656,
            -53.9195556640625,
            30.120512008666992
        ],
        "rotation": [
            [
                -0.10381657630205154,
                0.6625238060951233,
                -0.741811990737915
            ],
            [
                0.994564950466156,
                0.06316918134689331,
                -0.08277106285095215
            ],
            [
                -0.007977910339832306,
                -0.7463728785514832,
                -0.6654810905456543
            ]
        ],
        "fy": 3644.705322265625,
        "fx": 3644.705322265625
    },
    {
        "id": 25,
        "img_name": "DJI_0853.jpg",
        "width": 3246,
        "height": 3291,
        "position": [
            -7.00168514251709,
            -52.623626708984375,
            31.791616439819336
        ],
        "rotation": [
            [
                -0.7814162373542786,
                -0.4505705237388611,
                0.4317096471786499
            ],
            [
                -0.6239579916000366,
                0.5553483366966248,
                -0.5497857332229614
            ],
            [
                0.007968276739120483,
                -0.6989806890487671,
                -0.715095043182373
            ]
        ],
        "fy": 3644.705322265625,
        "fx": 3644.705322265625
    },
    {
        "id": 26,
        "img_name": "DJI_0367_(2).jpg",
        "width": 186,
        "height": 158,
        "position": [
            44.25923538208008,
            56.122535705566406,
            29.487579345703125
        ],
        "rotation": [
            [
                -0.13960802555084229,
                0.6888476610183716,
                -0.7113350629806519
            ],
            [
                0.9900678992271423,
                0.10912483930587769,
                -0.08863863348960876
            ],
            [
                0.01656562089920044,
                -0.7166450023651123,
                -0.6972405910491943
            ]
        ],
        "fy": 3644.705322265625,
        "fx": 3644.705322265625
    },
    {
        "id": 27,
        "img_name": "DJI_0582_(2).jpg",
        "width": 4864,
        "height": 3400,
        "position": [
            -25.682373046875,
            -42.61200714111328,
            31.64415740966797
        ],
        "rotation": [
            [
                0.8154995441436768,
                -0.4088624119758606,
                0.4096246361732483
            ],
            [
                -0.5787528157234192,
                -0.5789484977722168,
                0.5743359327316284
            ],
            [
                0.0023265480995178223,
                -0.7054417133331299,
                -0.7087627649307251
            ]
        ],
        "fy": 3644.705322265625,
        "fx": 3644.705322265625
    },
    {
        "id": 28,
        "img_name": "DJI_0882.jpg",
        "width": 3557,
        "height": 1469,
        "position": [
            -13.192808151245117,
            -104.2082748413086,
            30.851329803466797
        ],
        "rotation": [
            [
                -0.03464438021183014,
                -0.7151090502738953,
                0.6981542706489563
            ],
            [
                -0.99925297498703,
                0.036766618490219116,
                -0.011925579980015755
            ],
            [
                -0.017140865325927734,
                -0.6980457305908203,
                -0.7158486247062683
            ]
        ],
        "fy": 3644.705322265625,
        "fx": 3644.705322265625
    },
    {
        "id": 29,
        "img_name": "DJI_0091.jpg",
        "width": 4864,
        "height": 2851,
        "position": [
            20.917861938476562,
            -34.990074157714844,
            30.283180236816406
        ],
        "rotation": [
            [
                -0.14186906814575195,
                0.6877707242965698,
                -0.7119300365447998
            ],
            [
                0.9898617267608643,
                0.09360699355602264,
                -0.10682357102632523
            ],
            [
                -0.006828665733337402,
                -0.7198672294616699,
                -0.694077730178833
            ]
        ],
        "fy": 3644.705322265625,
        "fx": 3644.705322265625
    },
    {
        "id": 30,
        "img_name": "DJI_0738_(2).jpg",
        "width": 4864,
        "height": 3648,
        "position": [
            -20.83715057373047,
            -101.74201965332031,
            29.34897804260254
        ],
        "rotation": [
            [
                0.7610632181167603,
                -0.48444247245788574,
                0.4313909411430359
            ],
            [
                -0.6485210061073303,
                -0.5536224246025085,
                0.5224193930625916
            ],
            [
                -0.014254391193389893,
                -0.6773603558540344,
                -0.7355127334594727
            ]
        ],
        "fy": 3644.705322265625,
        "fx": 3644.705322265625
    },
    {
        "id": 31,
        "img_name": "DJI_0572_(2).jpg",
        "width": 3831,
        "height": 1701,
        "position": [
            -61.097801208496094,
            -99.19869995117188,
            30.48385238647461
        ],
        "rotation": [
            [
                -0.7184896469116211,
                0.49517104029655457,
                -0.48844578862190247
            ],
            [
                0.6955149173736572,
                0.5172274112701416,
                -0.4987329840660095
            ],
            [
                0.005679860711097717,
                -0.698055624961853,
                -0.7160214185714722
            ]
        ],
        "fy": 3644.705322265625,
        "fx": 3644.705322265625
    },
    {
        "id": 32,
        "img_name": "DJI_0397_(2).jpg",
        "width": 138,
        "height": 151,
        "position": [
            11.513862609863281,
            64.54415130615234,
            30.58024024963379
        ],
        "rotation": [
            [
                -0.14611336588859558,
                0.6768938899040222,
                -0.7214347720146179
            ],
            [
                0.9885300397872925,
                0.1280841827392578,
                -0.08002974092960358
            ],
            [
                0.03823345899581909,
                -0.7248523235321045,
                -0.6878450512886047
            ]
        ],
        "fy": 3644.705322265625,
        "fx": 3644.705322265625
    },
    {
        "id": 33,
        "img_name": "DJI_0118.jpg",
        "width": 4864,
        "height": 2220,
        "position": [
            29.742990493774414,
            -25.882274627685547,
            31.342788696289062
        ],
        "rotation": [
            [
                -0.12805862724781036,
                0.6853668689727783,
                -0.7168489694595337
            ],
            [
                0.9917598366737366,
                0.09108853340148926,
                -0.09008157253265381
            ],
            [
                0.0035575032234191895,
                -0.7224780321121216,
                -0.6913837194442749
            ]
        ],
        "fy": 3644.705322265625,
        "fx": 3644.705322265625
    },
    {
        "id": 34,
        "img_name": "DJI_0047.jpg",
        "width": 4864,
        "height": 3648,
        "position": [
            -48.710968017578125,
            -49.853538513183594,
            30.35703468322754
        ],
        "rotation": [
            [
                0.018642723560333252,
                -0.7314420342445374,
                0.6816490888595581
            ],
            [
                -0.9998171329498291,
                -0.01657187193632126,
                0.00956261157989502
            ],
            [
                0.004301488399505615,
                -0.6817025542259216,
                -0.7316173315048218
            ]
        ],
        "fy": 3644.705322265625,
        "fx": 3644.705322265625
    },
    {
        "id": 35,
        "img_name": "DJI_0617_(2).jpg",
        "width": 4864,
        "height": 2351,
        "position": [
            -51.63045120239258,
            -89.24890899658203,
            30.861331939697266
        ],
        "rotation": [
            [
                -0.7666810750961304,
                0.42205095291137695,
                -0.48381009697914124
            ],
            [
                0.6418064832687378,
                0.5235803723335266,
                -0.5603106021881104
            ],
            [
                0.016833722591400146,
                -0.740092396736145,
                -0.6722937226295471
            ]
        ],
        "fy": 3644.705322265625,
        "fx": 3644.705322265625
    },
    {
        "id": 36,
        "img_name": "DJI_0883_(2).jpg",
        "width": 1048,
        "height": 584,
        "position": [
            55.488922119140625,
            -76.62677001953125,
            27.838043212890625
        ],
        "rotation": [
            [
                -0.8048582077026367,
                0.4065803289413452,
                -0.43231281638145447
            ],
            [
                0.59322190284729,
                0.5720700621604919,
                -0.5664126873016357
            ],
            [
                0.017020806670188904,
                -0.7123398184776306,
                -0.7016273736953735
            ]
        ],
        "fy": 3644.705322265625,
        "fx": 3644.705322265625
    },
    {
        "id": 37,
        "img_name": "DJI_0854.jpg",
        "width": 1143,
        "height": 2084,
        "position": [
            4.03099250793457,
            -60.13724899291992,
            31.29661750793457
        ],
        "rotation": [
            [
                -0.769829273223877,
                -0.46259450912475586,
                0.439738929271698
            ],
            [
                -0.6380172967910767,
                0.5391241312026978,
                -0.5497992038726807
            ],
            [
                0.01726001501083374,
                -0.7038122415542603,
                -0.7101771831512451
            ]
        ],
        "fy": 3644.705322265625,
        "fx": 3644.705322265625
    },
    {
        "id": 38,
        "img_name": "DJI_0125_(2).jpg",
        "width": 4864,
        "height": 2856,
        "position": [
            -38.95716857910156,
            -12.666269302368164,
            31.15186309814453
        ],
        "rotation": [
            [
                0.7729201316833496,
                -0.4622930586338043,
                0.4346030056476593
            ],
            [
                -0.6338980197906494,
                -0.532687783241272,
                0.5607302188873291
            ],
            [
                -0.027714163064956665,
                -0.7088937163352966,
                -0.7047717571258545
            ]
        ],
        "fy": 3644.705322265625,
        "fx": 3644.705322265625
    },
    {
        "id": 39,
        "img_name": "DJI_0096.jpg",
        "width": 4864,
        "height": 2840,
        "position": [
            -43.03527069091797,
            -35.89994430541992,
            30.978450775146484
        ],
        "rotation": [
            [
                -0.11716189980506897,
                0.671105682849884,
                -0.7320451736450195
            ],
            [
                0.9931110739707947,
                0.07784390449523926,
                -0.08758112788200378
            ],
            [
                -0.0017909035086631775,
                -0.7372634410858154,
                -0.6756026744842529
            ]
        ],
        "fy": 3644.705322265625,
        "fx": 3644.705322265625
    },
    {
        "id": 40,
        "img_name": "DJI_0208.jpg",
        "width": 3730,
        "height": 1561,
        "position": [
            -61.8560905456543,
            0.10411906242370605,
            32.75967788696289
        ],
        "rotation": [
            [
                -0.11453066021203995,
                0.6590967774391174,
                -0.7432867288589478
            ],
            [
                0.9933966994285583,
                0.08113792538642883,
                -0.08112101256847382
            ],
            [
                0.00684196874499321,
                -0.7476691007614136,
                -0.6640377044677734
            ]
        ],
        "fy": 3644.705322265625,
        "fx": 3644.705322265625
    },
    {
        "id": 41,
        "img_name": "DJI_0248_(2).jpg",
        "width": 2394,
        "height": 450,
        "position": [
            -16.312318801879883,
            74.77913665771484,
            29.990524291992188
        ],
        "rotation": [
            [
                -0.8439666628837585,
                0.36665767431259155,
                -0.3915131688117981
            ],
            [
                0.5363263487815857,
                0.588568925857544,
                -0.6049304604530334
            ],
            [
                0.008630126714706421,
                -0.7205197811126709,
                -0.6933807134628296
            ]
        ],
        "fy": 3644.705322265625,
        "fx": 3644.705322265625
    },
    {
        "id": 42,
        "img_name": "DJI_0730_(2).jpg",
        "width": 4860,
        "height": 3648,
        "position": [
            6.619850158691406,
            -52.13555908203125,
            28.576366424560547
        ],
        "rotation": [
            [
                -0.7999052405357361,
                0.3873978555202484,
                -0.45833536982536316
            ],
            [
                0.599099338054657,
                0.560088574886322,
                -0.5721713900566101
            ],
            [
                0.03505006432533264,
                -0.7322724461555481,
                -0.6801071166992188
            ]
        ],
        "fy": 3644.705322265625,
        "fx": 3644.705322265625
    },
    {
        "id": 43,
        "img_name": "DJI_0392_(3).jpg",
        "width": 3573,
        "height": 922,
        "position": [
            -49.67506408691406,
            60.21796417236328,
            30.3375186920166
        ],
        "rotation": [
            [
                -0.9260748028755188,
                -0.2805783152580261,
                0.2523132264614105
            ],
            [
                -0.37684696912765503,
                0.6534866094589233,
                -0.6564615368843079
            ],
            [
                0.01930546760559082,
                -0.7030157446861267,
                -0.7109127640724182
            ]
        ],
        "fy": 3644.705322265625,
        "fx": 3644.705322265625
    },
    {
        "id": 44,
        "img_name": "DJI_0734_(2).jpg",
        "width": 4864,
        "height": 3121,
        "position": [
            -22.309724807739258,
            -94.83363342285156,
            28.27046012878418
        ],
        "rotation": [
            [
                -0.7756198644638062,
                0.4134608209133148,
                -0.4769280254840851
            ],
            [
                0.6309559941291809,
                0.5287673473358154,
                -0.5677135586738586
            ],
            [
                0.01745617389678955,
                -0.7412518262863159,
                -0.6709973812103271
            ]
        ],
        "fy": 3644.705322265625,
        "fx": 3644.705322265625
    },
    {
        "id": 45,
        "img_name": "DJI_0613_(2).jpg",
        "width": 4864,
        "height": 3648,
        "position": [
            -22.529617309570312,
            -46.32966232299805,
            31.113758087158203
        ],
        "rotation": [
            [
                -0.7734432816505432,
                0.42096155881881714,
                -0.47389650344848633
            ],
            [
                0.6337633728981018,
                0.5270517468452454,
                -0.5661808848381042
            ],
            [
                0.011427581310272217,
                -0.7382466793060303,
                -0.6744347810745239
            ]
        ],
        "fy": 3644.705322265625,
        "fx": 3644.705322265625
    },
    {
        "id": 46,
        "img_name": "DJI_0121_(2).jpg",
        "width": 4864,
        "height": 3648,
        "position": [
            -69.00482940673828,
            -54.73356246948242,
            31.121305465698242
        ],
        "rotation": [
            [
                0.7593013644218445,
                -0.4805968701839447,
                0.4387345314025879
            ],
            [
                -0.65042644739151,
                -0.5396140217781067,
                0.5345644950866699
            ],
            [
                -0.020162492990493774,
                -0.691260039806366,
                -0.7223225831985474
            ]
        ],
        "fy": 3644.705322265625,
        "fx": 3644.705322265625
    },
    {
        "id": 47,
        "img_name": "DJI_0755_(2).jpg",
        "width": 742,
        "height": 354,
        "position": [
            72.90044403076172,
            29.573225021362305,
            29.125768661499023
        ],
        "rotation": [
            [
                -0.8398492336273193,
                0.3681415915489197,
                -0.3989025950431824
            ],
            [
                0.5418197512626648,
                0.6130934357643127,
                -0.5749325156211853
            ],
            [
                0.0329078733921051,
                -0.6989905834197998,
                -0.7143722772598267
            ]
        ],
        "fy": 3644.705322265625,
        "fx": 3644.705322265625
    },
    {
        "id": 48,
        "img_name": "DJI_0067_(2).jpg",
        "width": 4864,
        "height": 3648,
        "position": [
            -21.373332977294922,
            -11.143112182617188,
            30.086851119995117
        ],
        "rotation": [
            [
                -0.7986729741096497,
                0.39156943559646606,
                -0.4569437801837921
            ],
            [
                0.6012767553329468,
                0.549932062625885,
                -0.5796909332275391
            ],
            [
                0.024299096316099167,
                -0.7377320528030396,
                -0.6746580004692078
            ]
        ],
        "fy": 3644.705322265625,
        "fx": 3644.705322265625
    },
    {
        "id": 49,
        "img_name": "DJI_0816_(2).jpg",
        "width": 970,
        "height": 342,
        "position": [
            61.88568115234375,
            -18.613988876342773,
            27.356365203857422
        ],
        "rotation": [
            [
                -0.8098804354667664,
                0.399116188287735,
                -0.4298856556415558
            ],
            [
                0.5862680673599243,
                0.5752441883087158,
                -0.5704246759414673
            ],
            [
                0.01962369680404663,
                -0.714003324508667,
                -0.6998682618141174
            ]
        ],
        "fy": 3644.705322265625,
        "fx": 3644.705322265625
    },
    {
        "id": 50,
        "img_name": "DJI_0931_(2).jpg",
        "width": 4864,
        "height": 2726,
        "position": [
            25.874250411987305,
            -68.64430236816406,
            27.64295196533203
        ],
        "rotation": [
            [
                0.6082609295845032,
                0.5325268507003784,
                -0.588585615158081
            ],
            [
                0.7935827970504761,
                -0.4226088523864746,
                0.43775054812431335
            ],
            [
                -0.01562809944152832,
                -0.7333581447601318,
                -0.6796607375144958
            ]
        ],
        "fy": 3644.705322265625,
        "fx": 3644.705322265625
    },
    {
        "id": 51,
        "img_name": "DJI_0778.jpg",
        "width": 4864,
        "height": 3648,
        "position": [
            -58.38215637207031,
            -61.76227951049805,
            27.99326515197754
        ],
        "rotation": [
            [
                -0.9995555877685547,
                0.01705414056777954,
                -0.0245172381401062
            ],
            [
                0.029543694108724594,
                0.684779942035675,
                -0.7281511425971985
            ],
            [
                0.004371041432023048,
                -0.7285507321357727,
                -0.684980034828186
            ]
        ],
        "fy": 3644.705322265625,
        "fx": 3644.705322265625
    },
    {
        "id": 52,
        "img_name": "DJI_0935_(2).jpg",
        "width": 4864,
        "height": 3648,
        "position": [
            -7.79031229019165,
            -45.635398864746094,
            28.970521926879883
        ],
        "rotation": [
            [
                0.6057244539260864,
                0.5316580533981323,
                -0.5919774174690247
            ],
            [
                0.7956449389457703,
                -0.4111095070838928,
                0.4449012577533722
            ],
            [
                -0.006832480430603027,
                -0.7404916286468506,
                -0.6720300912857056
