[
    {
        "id": 0,
        "img_name": "P7332492.jpg",
        "width": 1096,
        "height": 541,
        "position": [
            -116.34815216064453,
            89.83544158935547,
            102.46566009521484
        ],
        "rotation": [
            [
                -0.9585708379745483,
                -0.22482797503471375,
                0.17490841448307037
            ],
            [
                -0.28295212984085083,
                0.680741548538208,
                -0.6756690740585327
            ],
            [
                0.03284209966659546,
                -0.6971678733825684,
                -0.7161543369293213
            ]
        ],
        "fy": 2990.319580078125,
        "fx": 2990.319580078125
    },
    {
        "id": 1,
        "img_name": "P7261818.jpg",
        "width": 1325,
        "height": 698,
        "position": [
            30.44371223449707,
            33.1848030090332,
            92.57245635986328
        ],
        "rotation": [
            [
                -0.5317028760910034,
                0.5360344052314758,
                -0.6557139158248901
            ],
            [
                0.8451559543609619,
                0.38592636585235596,
                -0.3698278069496155
            ],
            [
                0.054817020893096924,
                -0.7508185505867004,
                -0.658231258392334
            ]
        ],
        "fy": 2990.319580078125,
        "fx": 2990.319580078125
    },
    {
        "id": 2,
        "img_name": "P7332443.jpg",
        "width": 2927,
        "height": 2107,
        "position": [
            -22.326770782470703,
            -86.9079818725586,
            90.54069519042969
        ],
        "rotation": [
            [
                0.6543683409690857,
                0.45969367027282715,
                -0.6004027128219604
            ],
            [
                0.7559166550636292,
                -0.4184529781341553,
                0.503474235534668
            ],
            [
                -0.019796540960669518,
                -0.783312201499939,
                -0.6213124394416809
            ]
        ],
        "fy": 2990.319580078125,
        "fx": 2990.319580078125
    },
    {
        "id": 3,
        "img_name": "P7261864.jpg",
        "width": 3059,
        "height": 2203,
        "position": [
            -96.9818344116211,
            -114.8137435913086,
            93.16070556640625
        ],
        "rotation": [
            [
                0.932596743106842,
                -0.28861838579177856,
                0.21670889854431152
            ],
            [
                -0.3516882658004761,
                -0.5917631387710571,
                0.7253485918045044
            ],
            [
                -0.08110865950584412,
                -0.7526718974113464,
                -0.6533800959587097
            ]
        ],
        "fy": 2990.319580078125,
        "fx": 2990.319580078125
    },
    {
        "id": 4,
        "img_name": "P7271957.jpg",
        "width": 1141,
        "height": 1207,
        "position": [
            44.76283645629883,
            -81.56319427490234,
            86.44686126708984
        ],
        "rotation": [
            [
                0.6395233869552612,
                0.46721887588500977,
                -0.6105045676231384
            ],
            [
                0.7685081958770752,
                -0.4093151390552521,
                0.491787850856781
            ],
            [
                -0.020116686820983887,
                -0.7836875915527344,
                -0.6208280324935913
            ]
        ],
        "fy": 2990.319580078125,
        "fx": 2990.319580078125
    },
    {
        "id": 5,
        "img_name": "P7271986.jpg",
        "width": 776,
        "height": 2031,
        "position": [
            -128.83367919921875,
            -26.83610725402832,
            98.18726348876953
        ],
        "rotation": [
            [
                0.19309179484844208,
                -0.7019711136817932,
                0.6855316162109375
            ],
            [
                -0.979180097579956,
                -0.09326401352882385,
                0.18030086159706116
            ],
            [
                -0.06263264268636703,
                -0.7060733437538147,
                -0.7053645849227905
            ]
        ],
        "fy": 2990.319580078125,
        "fx": 2990.319580078125
    },
    {
        "id": 6,
        "img_name": "P7372754.jpg",
        "width": 962,
        "height": 345,
        "position": [
            46.18571090698242,
            54.7819938659668,
            92.8461685180664
        ],
        "rotation": [
            [
                -0.8343740701675415,
                0.3312428891658783,
                -0.4405652582645416
            ],
            [
                0.5474663376808167,
                0.5908803343772888,
                -0.5925721526145935
            ],
            [
                0.06403758376836777,
                -0.7356212139129639,
                -0.6743598580360413
            ]
        ],
        "fy": 2990.319580078125,
        "fx": 2990.319580078125
    },
    {
        "id": 7,
        "img_name": "P7372785.jpg",
        "width": 41,
        "height": 941,
        "position": [
            3.5609588623046875,
            -86.64764404296875,
            88.76238250732422
        ],
        "rotation": [
            [
                0.9922176599502563,
                0.017175763845443726,
                -0.1233266294002533
            ],
            [
                0.10578662157058716,
                -0.6386879086494446,
                0.7621584534645081
            ],
            [
                -0.06567598134279251,
                -0.7692731022834778,
                -0.635534405708313
            ]
        ],
        "fy": 2990.319580078125,
        "fx": 2990.319580078125
    },
    {
        "id": 8,
        "img_name": "P7403023.jpg",
        "width": 1737,
        "height": 442,
        "position": [
            -79.44316101074219,
            -65.60318756103516,
            94.62599182128906
        ],
        "rotation": [
            [
                0.9701651930809021,
                -0.2070733606815338,
                0.12609568238258362
            ],
            [
                -0.23023897409439087,
                -0.6239590644836426,
                0.7467684745788574
            ],
            [
                -0.0759572982788086,
                -0.7535209655761719,
                -0.6530196666717529
            ]
        ],
        "fy": 2990.319580078125,
        "fx": 2990.319580078125
    },
    {
        "id": 9,
        "img_name": "P7261863.jpg",
        "width": 3128,
        "height": 2168,
        "position": [
            -91.48898315429688,
            -116.592041015625,
            93.04782104492188
        ],
        "rotation": [
            [
                0.9526697397232056,
                -0.25096386671066284,
                0.17157378792762756
            ],
            [
                -0.29278913140296936,
                -0.6055297255516052,
                0.7400060892105103
            ],
            [
                -0.08182191848754883,
                -0.7552161812782288,
                -0.6503493189811707
            ]
        ],
        "fy": 2990.319580078125,
        "fx": 2990.319580078125
    },
    {
        "id": 10,
        "img_name": "P7271950.jpg",
        "width": 1305,
        "height": 952,
        "position": [
            70.7891616821289,
            -34.09503173828125,
            86.29180145263672
        ],
        "rotation": [
            [
                0.15862759947776794,
                0.6204923987388611,
                -0.7680006623268127
            ],
            [
                0.9872108101844788,
                -0.08719909191131592,
                0.13345178961753845
            ],
            [
                0.015836304053664207,
                -0.7793483138084412,
                -0.626388669013977
            ]
        ],
        "fy": 2990.319580078125,
        "fx": 2990.319580078125
    },
    {
        "id": 11,
        "img_name": "P7271981.jpg",
        "width": 2082,
        "height": 2265,
        "position": [
            -115.7716064453125,
            -63.16587829589844,
            96.17693328857422
        ],
        "rotation": [
            [
                0.520741879940033,
                -0.6161039471626282,
                0.5909682512283325
            ],
            [
                -0.8503504991531372,
                -0.3129373788833618,
                0.4230533242225647
            ],
            [
                -0.07570895552635193,
                -0.7228319644927979,
                -0.6868640780448914
            ]
        ],
        "fy": 2990.319580078125,
        "fx": 2990.319580078125
    },
    {
        "id": 12,
        "img_name": "P7332438.jpg",
        "width": 1620,
        "height": 1925,
        "position": [
            -0.6898762583732605,
            -53.38740158081055,
            91.39336395263672
        ],
        "rotation": [
            [
                0.29774928092956543,
                0.6037225127220154,
                -0.7395032644271851
            ],
            [
                0.9546158313751221,
                -0.1822824478149414,
                0.23554842174053192
            ],
            [
                0.007407621946185827,
                -0.776075541973114,
                -0.6305975317955017
            ]
        ],
        "fy": 2990.319580078125,
        "fx": 2990.319580078125
    },
    {
        "id": 13,
        "img_name": "P7372753.jpg",
        "width": 963,
        "height": 336,
        "position": [
            41.214298248291016,
            58.18506622314453,
            93.28279113769531
        ],
        "rotation": [
            [
                -0.8763350248336792,
                0.2833828330039978,
                -0.38952386379241943
            ],
            [
                0.47735247015953064,
                0.6193088889122009,
                -0.6233699917793274
            ],
            [
                0.0645844116806984,
                -0.7322232127189636,
                -0.6779953837394714
            ]
        ],
        "fy": 2990.319580078125,
        "fx": 2990.319580078125
    },
    {
        "id": 14,
        "img_name": "P7403024.jpg",
        "width": 1498,
        "height": 570,
        "position": [
            -84.23003387451172,
            -64.27825927734375,
            95.25169372558594
        ],
        "rotation": [
            [
                0.9474467039108276,
                -0.26063060760498047,
                0.18551622331142426
            ],
            [
                -0.3103535771369934,
                -0.6081055402755737,
                0.730675220489502
            ],
            [
                -0.07762271165847778,
                -0.7498515844345093,
                -0.657035231590271
            ]
        ],
        "fy": 2990.319580078125,
        "fx": 2990.319580078125
    },
    {
        "id": 15,
        "img_name": "P7332495.jpg",
        "width": 1016,
        "height": 536,
        "position": [
            -91.37675476074219,
            91.01622009277344,
            101.56330108642578
        ],
        "rotation": [
            [
                -0.9983298778533936,
                -0.0567205548286438,
                -0.010960280895233154
            ],
            [
                -0.03260150924324989,
                0.7097851634025574,
                -0.7036633491516113
            ],
            [
                0.047691650688648224,
                -0.7021307945251465,
                -0.7104490995407104
            ]
        ],
        "fy": 2990.319580078125,
        "fx": 2990.319580078125
    },
    {
        "id": 16,
        "img_name": "P7332444.jpg",
        "width": 3202,
        "height": 2068,
        "position": [
            -28.236745834350586,
            -92.43535614013672,
            90.92562103271484
        ],
        "rotation": [
            [
                0.7122014164924622,
                0.4207637906074524,
                -0.5618962049484253
            ],
            [
                0.7014695405960083,
                -0.45696914196014404,
                0.5469201803207397
            ],
            [
                -0.02664460614323616,
                -0.7836701273918152,
                -0.6206070780754089
            ]
        ],
        "fy": 2990.319580078125,
        "fx": 2990.319580078125
    },
    {
        "id": 17,
        "img_name": "P7403058.jpg",
        "width": 1403,
        "height": 962,
        "position": [
            -73.84566497802734,
            58.87429428100586,
            99.04095458984375
        ],
        "rotation": [
            [
                -0.9627721309661865,
                -0.21592102944850922,
                0.16262204945087433
            ],
            [
                -0.2678266167640686,
                0.6806142926216125,
                -0.6819332838058472
            ],
            [
                0.03656095266342163,
                -0.7001014351844788,
                -0.7131056189537048
            ]
        ],
        "fy": 2990.319580078125,
        "fx": 2990.319580078125
    },
    {
        "id": 18,
        "img_name": "P7332436.jpg",
        "width": 1324,
        "height": 1732,
        "position": [
            4.244396686553955,
            -38.160011291503906,
            91.34809875488281
        ],
        "rotation": [
            [
                0.14297997951507568,
                0.6263772249221802,
                -0.7662962675094604
            ],
            [
                0.9895443916320801,
                -0.07563215494155884,
                0.12281422317028046
            ],
            [
                0.018972123041749,
                -0.7758434414863586,
                -0.6306422352790833
            ]
        ],
        "fy": 2990.319580078125,
        "fx": 2990.319580078125
    },
    {
        "id": 19,
        "img_name": "P7261811.jpg",
        "width": 1315,
        "height": 511,
        "position": [
            6.872889518737793,
            62.38821792602539,
            95.34382629394531
        ],
        "rotation": [
            [
                -0.8035668134689331,
                0.3658110797405243,
                -0.46953293681144714
            ],
            [
                0.5917396545410156,
                0.5760819315910339,
                -0.5638913512229919
            ],
            [
                0.06421156972646713,
                -0.7309662699699402,
                -0.6793848872184753
            ]
        ],
        "fy": 2990.319580078125,
        "fx": 2990.319580078125
    },
    {
        "id": 20,
        "img_name": "P7403056.jpg",
        "width": 1473,
        "height": 1058,
        "position": [
            -83.5505599975586,
            56.650184631347656,
            99.27328491210938
        ],
        "rotation": [
            [
                -0.9077378511428833,
                -0.31813445687294006,
                0.2735007703304291
            ],
            [
                -0.41860431432724,
                0.6433366537094116,
                -0.6410057544708252
            ],
            [
                0.027973175048828125,
                -0.6963536739349365,
                -0.7171533107757568
            ]
        ],
        "fy": 2990.319580078125,
        "fx": 2990.319580078125
    },
    {
        "id": 21,
        "img_name": "P7261816.jpg",
        "width": 1232,
        "height": 605,
        "position": [
            24.96898651123047,
            42.60729217529297,
            93.56304168701172
        ],
        "rotation": [
            [
                -0.6199324131011963,
                0.49489012360572815,
                -0.6089084148406982
            ],
            [
                0.7825477123260498,
                0.44679805636405945,
                -0.43357938528060913
            ],
            [
                0.05748513340950012,
                -0.7452892065048218,
                -0.6642598509788513
            ]
        ],
        "fy": 2990.319580078125,
        "fx": 2990.319580078125
    },
    {
        "id": 22,
        "img_name": "P7403051.jpg",
        "width": 1477,
        "height": 1341,
        "position": [
            -104.90938568115234,
            44.86834716796875,
            100.64096069335938
        ],
        "rotation": [
            [
                -0.679763674736023,
                -0.5320644974708557,
                0.5048034191131592
            ],
            [
                -0.7334261536598206,
                0.49097615480422974,
                -0.4701356887817383
            ],
            [
                0.002296537160873413,
                -0.6898181438446045,
                -0.7239774465560913
            ]
        ],
        "fy": 2990.319580078125,
        "fx": 2990.319580078125
    },
    {
        "id": 23,
        "img_name": "P7271959.jpg",
        "width": 1163,
        "height": 1307,
        "position": [
            32.87278366088867,
            -92.1301040649414,
            86.49278259277344
        ],
        "rotation": [
            [
                0.7560887932777405,
                0.3890175223350525,
                -0.5263034105300903
            ],
            [
                0.6536924242973328,
                -0.4880516529083252,
                0.5783529281616211
            ],
            [
                -0.031873464584350586,
                -0.781326949596405,
                -0.6233083009719849
            ]
        ],
        "fy": 2990.319580078125,
        "fx": 2990.319580078125
    },
    {
        "id": 24,
        "img_name": "P7271988.jpg",
        "width": 670,
        "height": 1745,
        "position": [
            -129.8485565185547,
            -10.63039493560791,
            99.56648254394531
        ],
        "rotation": [
            [
                0.06190666928887367,
                -0.7095764875411987,
                0.7019040584564209
            ],
            [
                -0.9965074062347412,
                -0.004453590139746666,
                0.08338919281959534
            ],
            [
                -0.05604344978928566,
                -0.7046146988868713,
                -0.7073735594749451
            ]
        ],
        "fy": 2990.319580078125,
        "fx": 2990.319580078125
    },
    {
        "id": 25,
        "img_name": "P7332431.jpg",
        "width": 1181,
        "height": 1135,
        "position": [
            5.634096622467041,
            2.1322028636932373,
            93.45562744140625
        ],
        "rotation": [
            [
                -0.24497105181217194,
                0.6193639039993286,
                -0.7459080219268799
            ],
            [
                0.9686941504478455,
                0.18832124769687653,
                -0.1617659330368042
            ],
            [
                0.04027913883328438,
                -0.7621840238571167,
                -0.64610755443573
            ]
        ],
        "fy": 2990.319580078125,
        "fx": 2990.319580078125
    },
    {
        "id": 26,
        "img_name": "P7332478.jpg",
        "width": 1387,
        "height": 870,
        "position": [
            -197.82400512695312,
            17.725767135620117,
            107.47232818603516
        ],
        "rotation": [
            [
                -0.24076183140277863,
                -0.6955657601356506,
                0.6769200563430786
            ],
            [
                -0.9699466228485107,
                0.19769486784934998,
                -0.14184483885765076
            ],
            [
                -0.035161495208740234,
                -0.6907275319099426,
                -0.7222589254379272
            ]
        ],
        "fy": 2990.319580078125,
        "fx": 2990.319580078125
    },
    {
        "id": 27,
        "img_name": "P7261823.jpg",
        "width": 1530,
        "height": 914,
        "position": [
            39.736610412597656,
            7.796457767486572,
            91.24424743652344
        ],
        "rotation": [
            [
                -0.2936474680900574,
                0.6087665557861328,
                -0.7370028495788574
            ],
            [
                0.9549438953399658,
                0.22152675688266754,
                -0.19750212132930756
            ],
            [
                0.04303276911377907,
                -0.7617928981781006,
                -0.6463883519172668
            ]
        ],
        "fy": 2990.319580078125,
        "fx": 2990.319580078125
    },
    {
        "id": 28,
        "img_name": "P7403064.jpg",
        "width": 1411,
        "height": 817,
        "position": [
            -44.01809310913086,
            56.71766662597656,
            97.74323272705078
        ],
        "rotation": [
            [
                -0.9702808260917664,
                0.1222754716873169,
                -0.20881503820419312
            ],
            [
                0.23472240567207336,
                0.6853628754615784,
                -0.6893351674079895
            ],
            [
                0.05882535129785538,
                -0.7178624272346497,
                -0.6936953663825989
            ]
        ],
        "fy": 2990.319580078125,
        "fx": 2990.319580078125
    },
    {
        "id": 29,
        "img_name": "P7403018.jpg",
        "width": 1950,
        "height": 192,
        "position": [
            -55.01488494873047,
            -67.31724548339844,
            93.71934509277344
        ],
        "rotation": [
            [
                0.9834803342819214,
                0.06149011850357056,
                -0.17025065422058105
            ],
            [
                0.1698412448167801,
                -0.6387878656387329,
                0.7504011988639832
            ],
            [
                -0.06261198222637177,
                -0.7669205069541931,
                -0.6386789083480835
            ]
        ],
        "fy": 2990.319580078125,
        "fx": 2990.319580078125
    },
    {
        "id": 30,
        "img_name": "P7261907.jpg",
        "width": 1370,
        "height": 836,
        "position": [
            -120.18097686767578,
            71.85669708251953,
            101.17579650878906
        ],
        "rotation": [
            [
                -0.7802305817604065,
                -0.45625895261764526,
                0.4278620779514313
            ],
            [
                -0.6253491044044495,
                0.5544692277908325,
                -0.5490919351577759
            ],
            [
                0.013292074203491211,
                -0.6959820985794067,
                -0.717934787273407
            ]
        ],
        "fy": 2990.319580078125,
        "fx": 2990.319580078125
    },
    {
        "id": 31,
        "img_name": "P7261889.jpg",
        "width": 1284,
        "height": 1281,
        "position": [
            -168.35992431640625,
            -10.277543067932129,
            101.62090301513672
        ],
        "rotation": [
            [
                -0.02017078921198845,
                -0.7138558626174927,
                0.7000018954277039
            ],
            [
                -0.99864262342453,
                0.04801169037818909,
                0.02018541842699051
            ],
            [
                -0.04801736772060394,
                -0.6986446380615234,
                -0.7138551473617554
            ]
        ],
        "fy": 2990.319580078125,
        "fx": 2990.319580078125
    },
    {
        "id": 32,
        "img_name": "P7261858.jpg",
        "width": 3464,
        "height": 1950,
        "position": [
            -64.63166809082031,
            -120.61502075195312,
            91.4293212890625
        ],
        "rotation": [
            [
                0.9967117309570312,
                -0.077432781457901,
                -0.023871034383773804
            ],
            [
                -0.031082909554243088,
                -0.637434720993042,
                0.769875705242157
            ],
            [
                -0.07482992112636566,
                -0.7666022777557373,
                -0.6377455592155457
            ]
        ],
        "fy": 2990.319580078125,
        "fx": 2990.319580078125
    },
    {
        "id": 33,
        "img_name": "P7261900.jpg",
        "width": 1575,
        "height": 1057,
        "position": [
            -148.19558715820312,
            45.65095520019531,
            102.36746215820312
        ],
        "rotation": [
            [
                -0.5120328068733215,
                -0.6141193509101868,
                0.6005662083625793
            ],
            [
                -0.8588416576385498,
                0.3779214024543762,
                -0.3457834720611572
            ],
            [
                -0.014614492654800415,
                -0.6928440928459167,
                -0.7209398150444031
            ]
        ],
        "fy": 2990.319580078125,
        "fx": 2990.319580078125
    },
    {
        "id": 34,
        "img_name": "P7372768.jpg",
        "width": 1267,
        "height": 907,
        "position": [
            75.33950805664062,
            -22.24185562133789,
            88.1022720336914
        ],
        "rotation": [
            [
                0.0960427075624466,
                0.6346632838249207,
                -0.7667965292930603
            ],
            [
                0.9950844049453735,
                -0.04255440831184387,
                0.08941256999969482
            ],
            [
                0.024116041138768196,
                -0.771615207195282,
                -0.6356304287910461
            ]
        ],
        "fy": 2990.319580078125,
        "fx": 2990.319580078125
    },
    {
        "id": 35,
        "img_name": "P7261824.jpg",
        "width": 1572,
        "height": 946,
        "position": [
            40.76202392578125,
            2.5271692276000977,
            90.8465576171875
        ],
        "rotation": [
            [
                -0.24299582839012146,
                0.6186152100563049,
                -0.7471744418144226
            ],
            [
                0.9692075848579407,
                0.18651266396045685,
                -0.1607828438282013
            ],
            [
                0.03989482298493385,
                -0.7632361054420471,
                -0.6448888182640076
            ]
        ],
        "fy": 2990.319580078125,
        "fx": 2990.319580078125
    },
    {
        "id": 36,
        "img_name": "P7403063.jpg",
        "width": 1354,
        "height": 825,
        "position": [
            -48.86366653442383,
            58.12908935546875,
            98.09040069580078
        ],
        "rotation": [
            [
                -0.9873651266098022,
                0.06394097208976746,
                -0.14497771859169006
            ],
            [
                0.1480719894170761,
                0.6980476975440979,
                -0.7005738019943237
            ],
            [
                0.05640576407313347,
                -0.7131903171539307,
                -0.6986953616142273
            ]
        ],
        "fy": 2990.319580078125,
        "fx": 2990.319580078125
    },
    {
        "id": 37,
        "img_name": "P7402997.jpg",
        "width": 1435,
        "height": 1095,
        "position": [
            -0.9653191566467285,
            7.972175598144531,
            93.806396484375
        ],
        "rotation": [
            [
                -0.28267866373062134,
                0.6162438988685608,
                -0.7350766062736511
            ],
            [
                0.9580461978912354,
                0.21921013295650482,
                -0.18464936316013336
            ],
            [
                0.04734756425023079,
                -0.7564331293106079,
                -0.6523565053939819
            ]
        ],
        "fy": 2990.319580078125,
        "fx": 2990.319580078125
    },
    {
        "id": 38,
        "img_name": "P7282028.jpg",
        "width": 643,
        "height": 116,
        "position": [
            109.7220687866211,
            58.1152458190918,
            89.54304504394531
        ],
        "rotation": [
            [
                -0.7465226650238037,
                0.4110639691352844,
                -0.5231915712356567
            ],
            [
                0.6628772020339966,
                0.5273466110229492,
                -0.5315066576004028
            ],
            [
                0.05742014944553375,
                -0.7435939311981201,
                -0.666161060333252
            ]
        ],
        "fy": 2990.319580078125,
        "fx": 2990.319580078125
    },
    {
        "id": 39,
        "img_name": "P7261887.jpg",
        "width": 1249,
        "height": 1336,
        "position": [
            -168.39744567871094,
            -21.177974700927734,
            101.76610565185547
        ],
        "rotation": [
            [
                0.07218782603740692,
                -0.7144337296485901,
                0.6959681510925293
            ],
            [
                -0.9960731267929077,
                -0.01578444242477417,
                0.08711506426334381
            ],
            [
                -0.0512494333088398,
                -0.6995243430137634,
                -0.7127677202224731
            ]
        ],
        "fy": 2990.319580078125,
        "fx": 2990.319580078125
    },
    {
        "id": 40,
        "img_name": "P7271965.jpg",
        "width": 1449,
        "height": 2091,
        "position": [
            -9.10460090637207,
            -110.845703125,
            87.96559143066406
        ],
        "rotation": [
            [
                0.9756121635437012,
                0.09056687355041504,
                -0.19994649291038513
            ],
            [
                0.21160103380680084,
                -0.6302407383918762,
                0.7470096945762634
            ],
            [
                -0.0583597868680954,
                -0.7711006999015808,
                -0.6340345144271851
            ]
        ],
        "fy": 2990.319580078125,
        "fx": 2990.319580078125
    },
    {
        "id": 41,
        "img_name": "P7261856.jpg",
        "width": 3272,
        "height": 1972,
        "position": [
            -53.39455795288086,
            -120.1844482421875,
            90.61833190917969
        ],
        "rotation": [
            [
                0.9944265484809875,
                -0.005452752113342285,
                -0.10529038310050964
            ],
            [
                0.07772151380777359,
                -0.636884868144989,
                0.7670313715934753
            ],
            [
                -0.07124035805463791,
                -0.7709397673606873,
                -0.6329115629196167
            ]
        ],
        "fy": 2990.319580078125,
        "fx": 2990.319580078125
    },
    {
        "id": 42,
        "img_name": "P7403011.jpg",
        "width": 1112,
        "height": 1376,
        "position": [
            -23.75147819519043,
            -53.919395446777344,
            91.85846710205078
        ],
        "rotation": [
            [
                0.7322832942008972,
                0.4138578772544861,
                -0.5408170223236084
            ],
            [
                0.6805782914161682,
                -0.4726979732513428,
                0.5597947239875793
            ],
            [
                -0.023967521265149117,
                -0.7779966592788696,
                -0.6278114914894104
            ]
        ],
        "fy": 2990.319580078125,
        "fx": 2990.319580078125
    },
    {
        "id": 43,
        "img_name": "P7372803.jpg",
        "width": 51,
        "height": 130,
        "position": [
            -79.11824798583984,
            -26.1346435546875,
            97.43379211425781
        ],
        "rotation": [
            [
                0.2625592350959778,
                -0.6951395273208618,
                0.6692118048667908
            ],
            [
                -0.9628840088844299,
                -0.14376352727413177,
                0.22844991087913513
            ],
            [
                -0.0625942125916481,
                -0.7043539881706238,
                -0.7070841789245605
            ]
        ],
        "fy": 2990.319580078125,
        "fx": 2990.319580078125
    },
    {
        "id": 44,
        "img_name": "P7372766.jpg",
        "width": 1344,
        "height": 795,
        "position": [
            76.6834487915039,
            -9.881658554077148,
            87.99117279052734
        ],
        "rotation": [
            [
                -0.05013170838356018,
                0.633967936038971,
                -0.7717332243919373
            ],
            [
                0.9981236457824707,
                0.05901002883911133,
                -0.016361504793167114
            ],
            [
                0.035167500376701355,
                -0.7711049914360046,
                -0.6357359886169434
            ]
        ],
        "fy": 2990.319580078125,
        "fx": 2990.319580078125
    },
    {
        "id": 45,
        "img_name": "P7332471.jpg",
        "width": 1174,
        "height": 1072,
        "position": [
            -200.8257598876953,
            -37.66178894042969,
            105.6649169921875
        ],
        "rotation": [
            [
                0.24026232957839966,
                -0.6979725956916809,
                0.6746170520782471
            ],
            [
                -0.9685446619987488,
                -0.12599891424179077,
                0.21458354592323303
            ],
            [
                -0.06477192044258118,
                -0.7049530744552612,
                -0.7062907218933105
            ]
        ],
        "fy": 2990.319580078125,
        "fx": 2990.319580078125
    },
    {
        "id": 46,
        "img_name": "P7282026.jpg",
        "width": 865,
        "height": 116,
        "position": [
            97.6987533569336,
            67.73550415039062,
            89.89087677001953
        ],
        "rotation": [
            [
                -0.8405532240867615,
                0.3267681300640106,
                -0.4320809841156006
            ],
            [
                0.5384579300880432,
                0.5914870500564575,
                -0.6001721620559692
            ],
            [
                0.059453487396240234,
                -0.7371336221694946,
                -0.6731275320053101
            ]
        ],
        "fy": 2990.319580078125,
        "fx": 2990.319580078125
    },
    {
        "id": 47,
        "img_name": "P7402999.jpg",
        "width": 1243,
        "height": 1151,
        "position": [
            0.02804357185959816,
            -1.9882816076278687,
            93.72425842285156
        ],
        "rotation": [
            [
                -0.13468973338603973,
                0.638150691986084,
                -0.7580395936965942
            ],
            [
                0.9901672601699829,
                0.11586306989192963,
                -0.07839082181453705
            ],
            [
                0.037803974002599716,
                -0.7611446976661682,
                -0.6474814414978027
            ]
        ],
        "fy": 2990.319580078125,
        "fx": 2990.319580078125
    },
    {
        "id": 48,
        "img_name": "P7332476.jpg",
        "width": 1407,
        "height": 919,
        "position": [
            -201.8887939453125,
            2.271638870239258,
            106.96538543701172
        ],
        "rotation": [
            [
                -0.111341692507267,
                -0.7122091054916382,
                0.6930812001228333
            ],
            [
                -0.9927788972854614,
                0.11104859411716461,
                -0.045372869819402695
            ],
            [
                -0.04465021938085556,
                -0.693128228187561,
                -0.7194308042526245
            ]
        ],
        "fy": 2990.319580078125,
        "fx": 2990.319580078125
    },
    {
        "id": 49,
        "img_name": "P7282021.jpg",
        "width": 993,
        "height": 198,
        "position": [
            63.277976989746094,
            84.0206069946289,
            91.54561614990234
        ],
        "rotation": [
            [
                -0.988003134727478,
                0.061318814754486084,
                -0.14173859357833862
            ],
            [
                0.1444202959537506,
                0.691962480545044,
                -0.7073405385017395
            ],
            [
                0.05470447987318039,
                -0.7193245887756348,
                -0.6925166845321655
            ]
        ],
        "fy": 2990.319580078125,
        "fx": 2990.319580078125
    },
    {
        "id": 50,
        "img_name": "P7261880.jpg",
        "width": 1478,
        "height": 1532,
        "position": [
            -159.9091033935547,
            -58.012168884277344,
            100.60897064208984
        ],
        "rotation": [
            [
                0.38979393243789673,
                -0.6635715961456299,
                0.6385398507118225
            ],
            [
                -0.9182190895080566,
                -0.2271675169467926,
                0.3244478106498718
            ],
            [
                -0.07023882865905762,
                -0.7127872705459595,
                -0.6978529095649719
            ]
        ],
        "fy": 2990.319580078125,
        "fx": 2990.319580078125
    },
    {
        "id": 51,
        "img_name": "P7271962.jpg",
        "width": 1230,
        "height": 1756,
        "position": [
            13.2952241897583,
            -103.94732666015625,
            86.68328094482422
        ],
        "rotation": [
            [
                0.894420325756073,
                0.24734018743038177,
                -0.372605562210083
            ],
            [
                0.4448712468147278,
                -0.5774648785591125,
                0.684561014175415
            ],
            [
                -0.045847535133361816,
                -0.7780466675758362,
                -0.6265308856964111
            ]
        ],
        "fy": 2990.319580078125,
        "fx": 2990.319580078125
    },
    {
        "id": 52,
        "img_name": "P7261851.jpg",
        "width": 2553,
        "height": 2125,
        "position": [
            -27.138837814331055,
            -114.00926971435547,
            89.3135757446289
        ],
        "rotation": [
            [
                0.9373775720596313,
                0.17342472076416016,
                -0.30207130312919617
            ],
            [
                0.34346649050712585,
                -0.6044158935546875,
                0.7188281416893005
            ],
            [
                -0.057913944125175476,
                -0.7775647044181824,
                -0.6261314749717712
            ]
        ],
        "fy": 2990.319580078125,
        "fx": 2990.319580078125
    },
    {
        "id": 53,
        "img_name": "P7403016.jpg",
        "width": 1963,
        "height": 504,
