[{"id": 0, "img_name": "240804_100540_019", "width": 5262, "height": 3922, "position": [0.3130874633789, 47.5532341003418, 103.81051635742188], "rotation": [[-0.9936484098434448, 0.04263198375701904, -0.10413503646850586], [0.1024029552936554, 0.7261896729469299, -0.6798250079154968], [0.04663943499326706, -0.6861711740493774, -0.7259426712989807]], "fy": 3273.836675, "fx": 3273.836675}, {"id": 1, "img_name": "240804_100542_634", "width": 5262, "height": 3922, "position": [-92.74197387695312, 33.60649490356445, 103.3954849243164], "rotation": [[-0.9928585886955261, 0.04855161905288696, -0.10898464918136597], [0.11000588536262512, 0.7261680960655212, -0.6786597967147827], [0.04619114473462105, -0.6858010292053223, -0.7263236045837402]], "fy": 3273.836675, "fx": 3273.836675}, {"id": 2, "img_name": "240804_100545_375", "width": 5262, "height": 3922, "position": [-93.23162841796875, 19.927650451660156, 103.0005111694336], "rotation": [[-0.9923215508460999, 0.05213642120361328, -0.11216360330581665], [0.11475434899330139, 0.7264509797096252, -0.6775695085525513], [0.04615522921085358, -0.6852377653121948, -0.7268559336662292]], "fy": 3273.836675, "fx": 3273.836675}, {"id": 3, "img_name": "240804_100548_150", "width": 5262, "height": 3922, "position": [-93.73727416992188, 5.8096923828125, 102.61652374267578], "rotation": [[-0.9920189380645752, 0.053771793842315674, -0.11405640840530396], [0.1172010749578476, 0.7268928289413452, -0.6766763925552368], [0.04652083292603493, -0.6846426725387573, -0.7273936867713928]], "fy": 3273.836675, "fx": 3273.836675}, {"id": 4, "img_name": "240804_100550_836", "width": 5262, "height": 3922, "position": [-94.1797866821289, -8.2572021484375, 102.23291778564453], "rotation": [[-0.991923451423645, 0.05446338653564453, -0.11454170942306519], [0.11802969872951508, 0.7269467711448669, -0.6764740943908691], [0.04642261937260628, -0.68453049659729, -0.7275034189224243]], "fy": 3273.836675, "fx": 3273.836675}, {"id": 5, "img_name": "240804_100553_536", "width": 5262, "height": 3922, "position": [-94.70618438720703, -22.196443557739258, 101.8108901977539], "rotation": [[-0.9924607276916504, 0.05325818061828613, -0.11038511991500854], [0.11419597268104553, 0.7288705706596375, -0.6750606298446655], [0.04450397565960884, -0.6825768351554871, -0.7294573187828064]], "fy": 3273.836675, "fx": 3273.836675}, {"id": 6, "img_name": "240804_100556_281", "width": 5262, "height": 3922, "position": [-95.1476821899414, -36.242454528808594, 101.44239807128906], "rotation": [[-0.9925166368484497, 0.051993221044540405, -0.11050072312355042], [0.11338597536087036, 0.7284075617790222, -0.6756970882415771], [0.045357923954725266, -0.6831687092781067, -0.7288522124290466]], "fy": 3273.836675, "fx": 3273.836675}, {"id": 7, "img_name": "240804_100612_628", "width": 5262, "height": 3922, "position": [-88.21947479248047, -106.634521484375, 81.04277038574219], "rotation": [[-0.24035876989364624, -0.6861463785171509, 0.6866066455841064], [-0.9706830382347107, 0.16996604204177856, -0.16995473206043243], [-8.547306060791016e-05, -0.707328200340271, -0.7068832516670227]], "fy": 3273.836675, "fx": 3273.836675}, {"id": 8, "img_name": "240804_100615_503", "width": 5262, "height": 3922, "position": [-82.45738220214844, -96.3895263671875, 98.61534118652344], "rotation": [[0.994649350643158, -0.1032484769821167, -0.0035268068313598633], [-0.06759858876466751, -0.6762728095054626, 0.7335438132286072], [-0.07812241464853287, -0.7293803691864014, -0.6796337366104126]], "fy": 3273.836675, "fx": 3273.836675}, {"id": 9, "img_name": "240804_100618_151", "width": 5262, "height": 3922, "position": [-81.703857421875, -82.03759002685547, 99.1044921875], "rotation": [[0.9937000274658203, -0.11186850070953369, 0.0067580342292785645], [-0.08093510568141937, -0.6746014952659607, 0.7337318658828735], [-0.07752259075641632, -0.7296563386917114, -0.679405689239502]], "fy": 3273.836675, "fx": 3273.836675}, {"id": 10, "img_name": "240804_100620_848", "width": 5262, "height": 3922, "position": [-81.22142028808594, -68.2594223022461, 99.60652923583984], "rotation": [[0.9926724433898926, -0.11989858746528625, 0.015023451298475266], [-0.09238702058792114, -0.6729366779327393, 0.7339077591896057], [-0.07788461446762085, -0.7299180030822754, -0.6790827512741089]], "fy": 3273.836675, "fx": 3273.836675}, {"id": 11, "img_name": "240804_100623_579", "width": 5262, "height": 3922, "position": [-80.67889404296875, -54.42119216918945, 100.09973907470703], "rotation": [[0.9918615221977234, -0.12581045925617218, 0.019560275599360466], [-0.09972494840621948, -0.6721431016921997, 0.7336755990982056], [-0.07915687561035156, -0.7296551465988159, -0.6792192459106445]], "fy": 3273.836675, "fx": 3273.836675}, {"id": 12, "img_name": "240804_100626_258", "width": 5262, "height": 3922, "position": [-80.02061462402344, -40.13534164428711, 100.49950408935547], "rotation": [[0.9912067651748657, -0.13021793961524963, 0.02350214123725891], [-0.10560563206672668, -0.6714826822280884, 0.7334548234939575], [-0.0797276496887207, -0.729487419128418, -0.6793299913406372]], "fy": 3273.836675, "fx": 3273.836675}, {"id": 13, "img_name": "240804_100628_974", "width": 5262, "height": 3922, "position": [-79.36180877685547, -26.106645584106445, 100.96959686279297], "rotation": [[0.9908533096313477, -0.13211321830749512, 0.027492696419358253], [-0.10987105965614319, -0.6715471744537354, 0.7327696681022644], [-0.07834595441818237, -0.729087769985199, -0.6799201369285583]], "fy": 3273.836675, "fx": 3273.836675}, {"id": 14, "img_name": "240804_100631_634", "width": 5262, "height": 3922, "position": [-78.7229232788086, -11.767436981201172, 101.40132904052734], "rotation": [[0.9905431270599365, -0.13398045301437378, 0.029557883739471436], [-0.11266382038593292, -0.6713385581970215, 0.7325385212898254], [-0.07830250263214111, -0.7289411425590515, -0.6800844669342041]], "fy": 3273.836675, "fx": 3273.836675}, {"id": 15, "img_name": "240804_100634_315", "width": 5262, "height": 3922, "position": [-78.09353637695312, 2.1005735397338867, 101.88671875], "rotation": [[0.9904069900512695, -0.13466644287109375, 0.03096526861190796], [-0.1142953634262085, -0.6724360585212708, 0.731275200843811], [-0.07765615731477737, -0.7277992963790894, -0.681377112865448]], "fy": 3273.836675, "fx": 3273.836675}, {"id": 16, "img_name": "240804_100636_993", "width": 5262, "height": 3922, "position": [-77.47320556640625, 16.340839385986328, 102.36451721191406], "rotation": [[0.9903676509857178, -0.13441497087478638, 0.03323262929916382], [-0.11577995121479034, -0.6722894310951233, 0.7311781644821167], [-0.07593929022550583, -0.7279829978942871, -0.6813762784004211]], "fy": 3273.836675, "fx": 3273.836675}, {"id": 17, "img_name": "240804_100639_825", "width": 5262, "height": 3922, "position": [-76.94258117675781, 30.418088912963867, 102.85254669189453], "rotation": [[0.9902988076210022, -0.13461676239967346, 0.03444543480873108], [-0.11687310039997101, -0.6728526949882507, 0.730485200881958], [-0.0751587525010109, -0.7274243235588074, -0.6820583343505859]], "fy": 3273.836675, "fx": 3273.836675}, {"id": 18, "img_name": "240804_100647_593", "width": 5262, "height": 3922, "position": [-66.59913635253906, 59.65459442138672, 103.40177917480469], "rotation": [[0.14483711123466492, -0.7394524216651917, 0.6574440598487854], [-0.987532377243042, -0.06662198901176453, 0.14262497425079346], [-0.06166432797908783, -0.6699045300483704, -0.7398825883865356]], "fy": 3273.836675, "fx": 3273.836675}, {"id": 19, "img_name": "240804_100650_393", "width": 5262, "height": 3922, "position": [-60.679298400878906, 46.65690231323242, 102.59811401367188], "rotation": [[-0.998731255531311, -0.01805645227432251, -0.04703003168106079], [0.018681921064853668, 0.7342414259910583, -0.6786316633224487], [0.04678500071167946, -0.6786485910415649, -0.7329725623130798]], "fy": 3273.836675, "fx": 3273.836675}, {"id": 20, "img_name": "240804_100653_227", "width": 5262, "height": 3922, "position": [-60.68620681762695, 32.775089263916016, 102.02964782714844], "rotation": [[-0.9989069700241089, -0.025308877229690552, -0.03929975628852844], [0.008278314024209976, 0.7316697239875793, -0.681609034538269], [0.04600505530834198, -0.6811893582344055, -0.7306604385375977]], "fy": 3273.836675, "fx": 3273.836675}, {"id": 21, "img_name": "240804_100655_931", "width": 5262, "height": 3922, "position": [-61.03584671020508, 18.53829574584961, 101.51168823242188], "rotation": [[-0.9989129304885864, -0.031285643577575684, -0.03452807664871216], [0.0007368479855358601, 0.7303449511528015, -0.6830779314041138], [0.04658793285489082, -0.6823614239692688, -0.7295277118682861]], "fy": 3273.836675, "fx": 3273.836675}, {"id": 22, "img_name": "240804_100658_591", "width": 5262, "height": 3922, "position": [-61.42378616333008, 4.593428134918213, 100.98670196533203], "rotation": [[-0.9989403486251831, -0.03399202227592468, -0.031053006649017334], [-0.0035154714714735746, 0.7288127541542053, -0.6847041845321655], [0.045906227082014084, -0.6838688254356384, -0.7281603217124939]], "fy": 3273.836675, "fx": 3273.836675}, {"id": 23, "img_name": "240804_100701_303", "width": 5262, "height": 3922, "position": [-61.772979736328125, -9.352058410644531, 100.58788299560547], "rotation": [[-0.9989218711853027, -0.034888267517089844, -0.03060704469680786], [-0.004568077158182859, 0.7301870584487915, -0.683231770992279], [0.04618559405207634, -0.6823557615280151, -0.729559063911438]], "fy": 3273.836675, "fx": 3273.836675}, {"id": 24, "img_name": "240804_100704_027", "width": 5262, "height": 3922, "position": [-62.14775466918945, -23.5596866607666, 100.11554718017578], "rotation": [[-0.9989405870437622, -0.03448832035064697, -0.03043311834335327], [-0.00437330873683095, 0.7298693060874939, -0.68357253074646], [0.04578748345375061, -0.6827158331871033, -0.7292465567588806]], "fy": 3273.836675, "fx": 3273.836675}, {"id": 25, "img_name": "240804_100706_761", "width": 5262, "height": 3922, "position": [-62.53717803955078, -37.571807861328125, 99.61595153808594], "rotation": [[-0.9989024996757507, -0.03438892960548401, -0.03178855776786804], [-0.0034240270033478737, 0.7306120991706848, -0.6827840805053711], [0.04670531675219536, -0.6819260716438293, -0.7299279570579529]], "fy": 3273.836675, "fx": 3273.836675}, {"id": 26, "img_name": "240804_100709_404", "width": 5262, "height": 3922, "position": [-62.92787170410156, -51.9150390625, 99.11093139648438], "rotation": [[-0.9988652467727661, -0.03389063477516174, -0.03347736597061157], [-0.001901267096400261, 0.7305570840835571, -0.682849109172821], [0.047599323093891144, -0.6820102334022522, -0.729792594909668]], "fy": 3273.836675, "fx": 3273.836675}, {"id": 27, "img_name": "240804_100712_162", "width": 5262, "height": 3922, "position": [-63.270240783691406, -65.69697570800781, 98.54920196533203], "rotation": [[-0.9989328980445862, -0.0318562388420105, -0.03349396586418152], [-0.0004022102802991867, 0.7305635213851929, -0.682844877243042], [0.04622230306267738, -0.6821015477180481, -0.7297973036766052]], "fy": 3273.836675, "fx": 3273.836675}, {"id": 28, "img_name": "240804_100714_855", "width": 5262, "height": 3922, "position": [-63.60649108886719, -79.73280334472656, 98.02304077148438], "rotation": [[-0.9989436864852905, -0.030188515782356262, -0.03464768826961517], [0.0015969499945640564, 0.730697512626648, -0.6826995611190796], [0.04592662304639816, -0.6820335984230042, -0.7298774719238281]], "fy": 3273.836675, "fx": 3273.836675}, {"id": 29, "img_name": "240804_100723_060", "width": 5262, "height": 3922, "position": [-55.37604522705078, -109.28278350830078, 96.24671936035156], "rotation": [[-0.20659244060516357, -0.7265039086341858, 0.6553711295127869], [-0.9775831699371338, 0.18107803165912628, -0.10743168741464615], [-0.04062378406524658, -0.6628745198249817, -0.747627317905426]], "fy": 3273.836675, "fx": 3273.836675}, {"id": 30, "img_name": "240804_100725_880", "width": 5262, "height": 3922, "position": [-48.89813232421875, -96.27420043945312, 96.38629913330078], "rotation": [[0.9941394329071045, -0.1081041544675827, 0.0005305707454681396], [-0.07376358658075333, -0.6747351288795471, 0.7343662977218628], [-0.07902985066175461, -0.7301015257835388, -0.678754985332489]], "fy": 3273.836675, "fx": 3273.836675}, {"id": 31, "img_name": "240804_100728_607", "width": 5262, "height": 3922, "position": [-48.23291015625, -82.45113372802734, 96.96158599853516], "rotation": [[0.99375319480896, -0.11153426766395569, 0.0038087069988250732], [-0.07846412807703018, -0.6740186214447021, 0.7345356345176697], [-0.07935851812362671, -0.7302460670471191, -0.6785597205162048]], "fy": 3273.836675, "fx": 3273.836675}, {"id": 32, "img_name": "240804_100731_262", "width": 5262, "height": 3922, "position": [-47.68895721435547, -68.44243621826172, 97.468505859375], "rotation": [[0.9932988286018372, -0.11536949872970581, 0.0068874359130859375], [-0.08322447538375854, -0.6726446151733398, 0.7352701425552368], [-0.08019501715898514, -0.7309162020683289, -0.677738606929779]], "fy": 3273.836675, "fx": 3273.836675}, {"id": 33, "img_name": "240804_100733_921", "width": 5262, "height": 3922, "position": [-47.14543151855469, -54.50689697265625, 97.92237091064453], "rotation": [[0.9928544759750366, -0.11897170543670654, 0.009257376194000244], [-0.08739855885505676, -0.6721577644348145, 0.7352334260940552], [-0.08124946802854538, -0.730789065361023, -0.6777529120445251]], "fy": 3273.836675, "fx": 3273.836675}, {"id": 34, "img_name": "240804_100736_655", "width": 5262, "height": 3922, "position": [-46.56520080566406, -40.480918884277344, 98.40252685546875], "rotation": [[0.9924911260604858, -0.12169069051742554, 0.01235496997833252], [-0.09160733968019485, -0.6725806593894958, 0.7343325614929199], [-0.08105157315731049, -0.7299504280090332, -0.6786779761314392]], "fy": 3273.836675, "fx": 3273.836675}, {"id": 35, "img_name": "240804_100739_263", "width": 5262, "height": 3922, "position": [-45.84654998779297, -26.27187728881836, 98.93972778320312], "rotation": [[0.9922583699226379, -0.12322771549224854, 0.015432924032211304], [-0.09489982575178146, -0.672195553779602, 0.7342655658721924], [-0.08010786771774292, -0.7300458550453186, -0.6786858439445496]], "fy": 3273.836675, "fx": 3273.836675}, {"id": 36, "img_name": "240804_100741_947", "width": 5262, "height": 3922, "position": [-45.32388687133789, -12.484089851379395, 99.40618133544922], "rotation": [[0.9920592308044434, -0.12437307834625244, 0.01870587468147278], [-0.09814440459012985, -0.6725195050239563, 0.7335410118103027], [-0.07865272462368011, -0.7295519113540649, -0.6793856620788574]], "fy": 3273.836675, "fx": 3273.836675}, {"id": 37, "img_name": "240804_100744_703", "width": 5262, "height": 3922, "position": [-44.71842575073242, 1.547787070274353, 99.84607696533203], "rotation": [[0.9918961524963379, -0.12533169984817505, 0.020832180976867676], [-0.10033190250396729, -0.6721023321151733, 0.7336291074752808], [-0.07794568687677383, -0.729773998260498, -0.6792305111885071]], "fy": 3273.836675, "fx": 3273.836675}, {"id": 38, "img_name": "240804_100747_356", "width": 5262, "height": 3922, "position": [-44.048675537109375, 15.76869010925293, 100.3509750366211], "rotation": [[0.9918019771575928, -0.1257908046245575, 0.022479116916656494], [-0.10195654630661011, -0.6729602217674255, 0.7326191663742065], [-0.07702910900115967, -0.7289051413536072, -0.6802685260772705]], "fy": 3273.836675, "fx": 3273.836675}, {"id": 39, "img_name": "240804_100749_970", "width": 5262, "height": 3922, "position": [-43.43916320800781, 29.665523529052734, 100.91201782226562], "rotation": [[0.9916478395462036, -0.1267782747745514, 0.023702040314674377], [-0.10351300984621048, -0.6726986765861511, 0.7326421141624451], [-0.07693857699632645, -0.7289764881134033, -0.6802034378051758]], "fy": 3273.836675, "fx": 3273.836675}, {"id": 40, "img_name": "240804_100758_168", "width": 5262, "height": 3922, "position": [-33.50727081298828, 58.464778900146484, 101.5575942993164], "rotation": [[0.16042816638946533, -0.7413227558135986, 0.6516932845115662], [-0.9849026203155518, -0.07672131061553955, 0.15518280863761902], [-0.06504209339618683, -0.6667497754096985, -0.7424391508102417]], "fy": 3273.836675, "fx": 3273.836675}, {"id": 41, "img_name": "240804_100800_990", "width": 5262, "height": 3922, "position": [-27.568082809448242, 45.57477951049805, 100.53463745117188], "rotation": [[-0.9989823698997498, -0.033320456743240356, -0.030357658863067627], [-0.003942942246794701, 0.7354919910430908, -0.6775214672088623], [0.044903215020895004, -0.6767134070396423, -0.7348745465278625]], "fy": 3273.836675, "fx": 3273.836675}, {"id": 42, "img_name": "240804_100803_724", "width": 5262, "height": 3922, "position": [-27.55094337463379, 31.550922393798828, 100.18769073486328], "rotation": [[-0.9989151954650879, -0.0408913791179657, -0.022318124771118164], [-0.01471360307186842, 0.7314889430999756, -0.6816946864128113], [0.04420086741447449, -0.6806262731552124, -0.7312971949577332]], "fy": 3273.836675, "fx": 3273.836675}, {"id": 43, "img_name": "240804_100806_507", "width": 5262, "height": 3922, "position": [-27.743471145629883, 17.533191680908203, 99.6690673828125], "rotation": [[-0.9987960457801819, -0.04564632475376129, -0.017859071493148804], [-0.02111978456377983, 0.7295784950256348, -0.6835705041885376], [0.04423220083117485, -0.6823716163635254, -0.7296637296676636]], "fy": 3273.836675, "fx": 3273.836675}, {"id": 44, "img_name": "240804_100809_280", "width": 5262, "height": 3922, "position": [-28.063337326049805, 3.156043529510498, 99.15316772460938], "rotation": [[-0.9986396431922913, -0.049569934606552124, -0.01620413362979889], [-0.02505492977797985, 0.7285332083702087, -0.6845523715019226], [0.04573861137032509, -0.6832147240638733, -0.7287842035293579]], "fy": 3273.836675, "fx": 3273.836675}, {"id": 45, "img_name": "240804_100811_916", "width": 5262, "height": 3922, "position": [-28.387693405151367, -11.163881301879883, 98.6351318359375], "rotation": [[-0.9985679388046265, -0.05117392539978027, -0.01556272804737091], [-0.026677731424570084, 0.7286844253540039, -0.6843296885490417], [0.04636028781533241, -0.6829348802566528, -0.7290059328079224]], "fy": 3273.836675, "fx": 3273.836675}, {"id": 46, "img_name": "240804_100814_557", "width": 5262, "height": 3922, "position": [-28.709585189819336, -25.00394058227539, 98.20309448242188], "rotation": [[-0.9985933899879456, -0.050739482045173645, -0.015519782900810242], [-0.02642538957297802, 0.7292183637619019, -0.6837709546089172], [0.04601147770881653, -0.682397723197937, -0.7295339703559875]], "fy": 3273.836675, "fx": 3273.836675}, {"id": 47, "img_name": "240804_100817_372", "width": 5262, "height": 3922, "position": [-28.934452056884766, -38.85158157348633, 97.70763397216797], "rotation": [[-0.9985659718513489, -0.05102433264255524, -0.0162353515625], [-0.02613234519958496, 0.7290498614311218, -0.6839616298675537], [0.04673488810658455, -0.6825562715530396, -0.7293378710746765]], "fy": 3273.836675, "fx": 3273.836675}, {"id": 48, "img_name": "240804_100819_962", "width": 5262, "height": 3922, "position": [-29.231931686401367, -52.92595672607422, 97.27385711669922], "rotation": [[-0.998645007610321, -0.04924323409795761, -0.016777411103248596], [-0.024579225108027458, 0.7308571338653564, -0.6820876598358154], [0.04584997519850731, -0.6807516813278198, -0.7310768365859985]], "fy": 3273.836675, "fx": 3273.836675}, {"id": 49, "img_name": "240804_100822_689", "width": 5262, "height": 3922, "position": [-29.448040008544922, -67.04627990722656, 96.73583221435547], "rotation": [[-0.9986673593521118, -0.0483819842338562, -0.018007777631282806], [-0.023118192330002785, 0.7310167551040649, -0.6819679141044617], [0.046159014105796814, -0.680642306804657, -0.73116135597229]], "fy": 3273.836675, "fx": 3273.836675}, {"id": 50, "img_name": "240804_100825_385", "width": 5262, "height": 3922, "position": [-29.75448226928711, -80.9432144165039, 96.21475219726562], "rotation": [[-0.9987325668334961, -0.046602897346019745, -0.01897525042295456], [-0.021207287907600403, 0.7318309545516968, -0.6811559796333313], [0.04563060402870178, -0.6798906922340393, -0.7318916916847229]], "fy": 3273.836675, "fx": 3273.836675}, {"id": 51, "img_name": "240804_100833_427", "width": 5262, "height": 3922, "position": [-21.816394805908203, -109.74473571777344, 94.61915588378906], "rotation": [[-0.20173168182373047, -0.7307765483856201, 0.6521276235580444], [-0.9784454107284546, 0.18037280440330505, -0.10054930299520493], [-0.04414713382720947, -0.6583552360534668, -0.7514119744300842]], "fy": 3273.836675, "fx": 3273.836675}, {"id": 52, "img_name": "240804_100836_257", "width": 5262, "height": 3922, "position": [-14.99521541595459, -96.92670440673828, 94.60833740234375], "rotation": [[0.9952412247657776, -0.09650880098342896, -0.013455808162689209], [-0.055626556277275085, -0.6760854721069336, 0.7347189784049988], [-0.08000440150499344, -0.7304739952087402, -0.6782366037368774]], "fy": 3273.836675, "fx": 3273.836675}, {"id": 53, "img_name": "240804_100839_002", "width": 5262, "height": 3922, "position": [-14.237358093261719, -83.11190032958984, 95.13202667236328], "rotation": [[0.9948770403862, -0.1008184552192688, -0.007437348365783691], [-0.06305824965238571, -0.6763919591903687, 0.7338367104530334], [-0.07901488989591599, -0.7296087741851807, -0.6792842149734497]], "fy": 3273.836675, "fx": 3273.836675}, {"id": 54, "img_name": "240804_100841_779", "width": 5262, "height": 3922, "position": [-13.745969772338867, -69.01657104492188, 95.64335632324219], "rotation": [[0.9944030046463013, -0.10561880469322205, -0.002704113721847534], [-0.06974625587463379, -0.6754578948020935, 0.7340916395187378], [-0.07936076074838638, -0.7297942042350769, -0.6790441274642944]], "fy": 3273.836675, "fx": 3273.836675}, {"id": 55, "img_name": "240804_100844_472", "width": 5262, "height": 3922, "position": [-13.154364585876465, -54.92121124267578, 96.11827850341797], "rotation": [[0.9940941333770752, -0.10851134359836578, 0.0014625638723373413], [-0.07477281987667084, -0.6751147508621216, 0.7339119911193848], [-0.07865052670240402, -0.7296868562698364, -0.679241418838501]], "fy": 3273.836675, "fx": 3273.836675}, {"id": 56, "img_name": "240804_100847_106", "width": 5262, "height": 3922, "position": [-12.615436553955078, -40.5635871887207, 96.5544662475586], "rotation": [[0.9939180016517639, -0.10998889803886414, 0.0054351091384887695], [-0.0786692202091217, -0.6746314167976379, 0.7339514493942261], [-0.07706020772457123, -0.7299151420593262, -0.6791810989379883]], "fy": 3273.836675, "fx": 3273.836675}, {"id": 57, "img_name": "240804_100849_755", "width": 5262, "height": 3922, "position": [-12.121535301208496, -26.72984504699707, 97.04953002929688], "rotation": [[0.9937689900398254, -0.11113470047712326, 0.008502498269081116], [-0.08161622285842896, -0.673618733882904, 0.7345598340034485], [-0.0759073868393898, -0.7306765913963318, -0.6784918904304504]], "fy": 3273.836675, "fx": 3273.836675}, {"id": 58, "img_name": "240804_100852_481", "width": 5262, "height": 3922, "position": [-11.533487319946289, -12.776267051696777, 97.50873565673828], "rotation": [[0.9934983253479004, -0.11338933557271957, 0.010197430849075317], [-0.08434496819972992, -0.6729246973991394, 0.7348853945732117], [-0.07646603882312775, -0.7309674024581909, -0.6781133413314819]], "fy": 3273.836675, "fx": 3273.836675}, {"id": 59, "img_name": "240804_100855_132", "width": 5262, "height": 3922, "position": [-10.978797912597656, 1.1161472797393799, 98.04305267333984], "rotation": [[0.9934110641479492, -0.11400339752435684, 0.011736184358596802], [-0.08608099073171616, -0.6746272444725037, 0.7331209182739258], [-0.0756608173251152, -0.729300856590271, -0.6799957156181335]], "fy": 3273.836675, "fx": 3273.836675}, {"id": 60, "img_name": "240804_100857_746", "width": 5262, "height": 3922, "position": [-10.408448219299316, 15.203118324279785, 98.43067169189453], "rotation": [[0.993145763874054, -0.11623353511095047, 0.012295912951231003], [-0.08804710954427719, -0.674793004989624, 0.7327345013618469], [-0.07687145471572876, -0.7287948131561279, -0.6804019808769226]], "fy": 3273.836675, "fx": 3273.836675}, {"id": 61, "img_name": "240804_100900_501", "width": 5262, "height": 3922, "position": [-9.793158531188965, 29.00154685974121, 98.87953186035156], "rotation": [[0.9931659698486328, -0.11584225296974182, 0.014207620173692703], [-0.08908317983150482, -0.67378169298172, 0.7335427403450012], [-0.07540252804756165, -0.7297954559326172, -0.6794966459274292]], "fy": 3273.836675, "fx": 3273.836675}, {"id": 62, "img_name": "240804_100902_369", "width": 5262, "height": 3922, "position": [-9.193119049072266, 43.247867584228516, 99.52476501464844], "rotation": [[0.9930666089057922, -0.1165841668844223, 0.015060395002365112], [-0.09032201766967773, -0.6747374534606934, 0.7325096130371094], [-0.07523723691701889, -0.7287909984588623, -0.6805893778800964]], "fy": 3273.836675, "fx": 3273.836675}, {"id": 63, "img_name": "240804_100908_360", "width": 5262, "height": 3922, "position": [0.5600181221961975, 57.43816375732422, 99.4535140991211], "rotation": [[0.11370675265789032, -0.744389533996582, 0.6579931378364563], [-0.9920955300331116, -0.04969078302383423, 0.11522728204727173], [-0.05307767912745476, -0.6658942103385925, -0.7441557049751282]], "fy": 3273.836675, "fx": 3273.836675}, {"id": 64, "img_name": "240804_100911_214", "width": 5262, "height": 3922, "position": [6.411416530609131, 44.48723602294922, 98.69715881347656], "rotation": [[-0.9987812042236328, -0.03476284444332123, -0.03504723310470581], [-0.0015362035483121872, 0.7315359115600586, -0.6818011999130249], [0.049338966608047485, -0.6809162497520447, -0.730697751045227]], "fy": 3273.836675, "fx": 3273.836675}, {"id": 65, "img_name": "240804_100913_939", "width": 5262, "height": 3922, "position": [6.432280540466309, 30.43381118774414, 98.18863677978516], "rotation": [[-0.9987793564796448, -0.04159913212060928, -0.02665846049785614], [-0.012150515802204609, 0.729771077632904, -0.6835839748382568], [0.04788926988840103, -0.6824250221252441, -0.7293856143951416]], "fy": 3273.836675, "fx": 3273.836675}, {"id": 66, "img_name": "240804_100916_707", "width": 5262, "height": 3922, "position": [6.070213317871094, 16.37672996520996, 97.70537567138672], "rotation": [[-0.998754620552063, -0.04518159478902817, -0.02105455845594406], [-0.01858498901128769, 0.7295013666152954, -0.6837263107299805], [0.04625462368130684, -0.6824851036071777, -0.7294323444366455]], "fy": 3273.836675, "fx": 3273.836675}, {"id": 67, "img_name": "240804_100919_391", "width": 5262, "height": 3922, "position": [5.68583345413208, 2.2824203968048096, 97.20610046386719], "rotation": [[-0.9986236691474915, -0.04882685840129852, -0.019059130921959877], [-0.02263646200299263, 0.7297505736351013, -0.6833381056785583], [0.047272294759750366, -0.6819676160812378, -0.7298507690429688]], "fy": 3273.836675, "fx": 3273.836675}, {"id": 68, "img_name": "240804_100922_071", "width": 5262, "height": 3922, "position": [5.237052917480469, -11.703717231750488, 96.72244262695312], "rotation": [[-0.9986592531204224, -0.04912890866398811, -0.016282718628644943], [-0.024836502969264984, 0.730903685092926, -0.6820283532142639], [0.045408423990011215, -0.6807098984718323, -0.7311437726020813]], "fy": 3273.836675, "fx": 3273.836675}, {"id": 69, "img_name": "240804_100924_789", "width": 5262, "height": 3922, "position": [4.892852306365967, -25.6708927154541, 96.19790649414062], "rotation": [[-0.9986780881881714, -0.04881978780031204, -0.016023460775613785], [-0.02487185411155224, 0.7321892380714417, -0.6806467771530151], [0.04496125131845474, -0.6793490648269653, -0.7324352860450745]], "fy": 3273.836675, "fx": 3273.836675}, {"id": 70, "img_name": "240804_100927_462", "width": 5262, "height": 3922, "position": [4.53873348236084, -39.92287826538086, 95.75768280029297], "rotation": [[-0.9986675977706909, -0.04890260100364685, -0.01654891110956669], [-0.024583056569099426, 0.7323157787322998, -0.6805214881896973], [0.0453982837498188, -0.6792072057723999, -0.7325426936149597]], "fy": 3273.836675, "fx": 3273.836675}, {"id": 71, "img_name": "240804_100930_204", "width": 5262, "height": 3922, "position": [4.189570426940918, -53.81290817260742, 95.18302154541016], "rotation": [[-0.9987269043922424, -0.04724498093128204, -0.01759135164320469], [-0.0226917564868927, 0.7328280806541443, -0.6800349950790405], [0.04502517729997635, -0.6787706613540649, -0.73296719789505]], "fy": 3273.836675, "fx": 3273.836675}, {"id": 72, "img_name": "240804_100932_961", "width": 5262, "height": 3922, "position": [3.7575974464416504, -68.00654602050781, 94.68961334228516], "rotation": [[-0.9987534880638123, -0.04666462913155556, -0.017749426886439323], [-0.02216402441263199, 0.7330281734466553, -0.6798369884490967], [0.044732868671417236, -0.6785956621170044, -0.7331488728523254]], "fy": 3273.836675, "fx": 3273.836675}, {"id": 73, "img_name": "240804_100946_303", "width": 5262, "height": 3922, "position": [18.179485321044922, -97.53312683105469, 92.68232727050781], "rotation": [[0.9950572848320007, -0.0992031991481781, -0.0044565945863723755], [-0.06417369842529297, -0.6766446232795715, 0.7335083484649658], [-0.07578170299530029, -0.7295968532562256, -0.6796664595603943]], "fy": 3273.836675, "fx": 3273.836675}, {"id": 74, "img_name": "240804_100948_980", "width": 5262, "height": 3922, "position": [18.861536026000977, -83.52001190185547, 93.17621612548828], "rotation": [[0.9942060112953186, -0.1074838638305664, 0.0013072937726974487], [-0.07389362901449203, -0.6745671629905701, 0.7345041036605835], [-0.07806549966335297, -0.7303449511528015, -0.6786010265350342]], "fy": 3273.836675, "fx": 3273.836675}, {"id": 75, "img_name": "240804_100951_640", "width": 5262, "height": 3922, "position": [19.362472534179688, -69.7064437866211, 93.6802978515625], "rotation": [[0.9935051202774048, -0.11363476514816284, 0.0059012770652771], [-0.08141748607158661, -0.6736867427825928, 0.7345194816589355], [-0.07949122786521912, -0.730229377746582, -0.6785633563995361]], "fy": 3273.836675, "fx": 3273.836675}, {"id": 76, "img_name": "240804_100954_380", "width": 5262, "height": 3922, "position": [19.917343139648438, -55.92028045654297, 94.18690490722656], "rotation": [[0.9930217266082764, -0.11755895614624023, 0.009370625019073486], [-0.0866623967885971, -0.673528790473938, 0.7340652942657471], [-0.07998461276292801, -0.7297545671463013, -0.6790167689323425]], "fy": 3273.836675, "fx": 3273.836675}, {"id": 77, "img_name": "240804_100957_112", "width": 5262, "height": 3922, "position": [20.51947784423828, -41.56168746948242, 94.6731185913086], "rotation": [[0.9927141070365906, -0.11975741386413574, 0.013305485248565674], [-0.09109455347061157, -0.6736282110214233, 0.7334344983100891], [-0.07887100428342819, -0.7293028831481934, -0.6796294450759888]], "fy": 3273.836675, "fx": 3273.836675}, {"id": 78, "img_name": "240804_100959_890", "width": 5262, "height": 3922, "position": [21.060142517089844, -27.404027938842773, 95.18138122558594], "rotation": [[0.9924582839012146, -0.1215621829032898, 0.015787839889526367], [-0.09416792541742325, -0.6736038327217102, 0.7330699563026428], [-0.07847882062196732, -0.7290282845497131, -0.6799709796905518]], "fy": 3273.836675, "fx": 3273.836675}, {"id": 79, "img_name": "240804_101002_507", "width": 5262, "height": 3922, "position": [21.670087814331055, -13.01601505279541, 95.70217895507812], "rotation": [[0.9921908378601074, -0.1234351396560669, 0.017924457788467407], [-0.09704237431287766, -0.6736525893211365, 0.732649028301239], [-0.07835955172777176, -0.7286670207977295, -0.6803704500198364]], "fy": 3273.836675, "fx": 3273.836675}, {"id": 80, "img_name": "240804_101005_221", "width": 5262, "height": 3922, "position": [22.266983032226562, 0.961155354976654, 96.27452850341797], "rotation": [[0.9920271635055542, -0.12448334693908691, 0.019651561975479126], [-0.09908003360033035, -0.6740230321884155, 0.732035219669342], [-0.07788072526454926, -0.7281458377838135, -0.6809830665588379]], "fy": 3273.836675, "fx": 3273.836675}, {"id": 81, "img_name": "240804_101007_863", "width": 5262, "height": 3922, "position": [22.906919479370117, 14.918543815612793, 96.7389907836914], "rotation": [[0.9919064044952393, -0.12516416609287262, 0.021350786089897156], [-0.1007801741361618, -0.6738017797470093, 0.7320084571838379], [-0.07723498344421387, -0.7282355427742004, -0.6809622645378113]], "fy": 3273.836675, "fx": 3273.836675}, {"id": 82, "img_name": "240804_101010_568", "width": 5262, "height": 3922, "position": [23.474149703979492, 28.856260299682617, 97.21107482910156], "rotation": [[0.9917392730712891, -0.12634965777397156, 0.02211308479309082], [-0.10216805338859558, -0.6738667488098145, 0.7317554354667664], [-0.07755593955516815, -0.727969765663147, -0.6812090277671814]], "fy": 3273.836675, "fx": 3273.836675}, {"id": 83, "img_name": "240804_101014_626", "width": 5262, "height": 3922, "position": [24.12652587890625, 43.086483001708984, 97.69154357910156], "rotation": [[0.9916198253631592, -0.12703463435173035, 0.02350064367055893], [-0.10368897020816803, -0.6740914583206177, 0.7313336133956909], [-0.07706379145383835, -0.7276415824890137, -0.6816145777702332]], "fy": 3273.836675, "fx": 3273.836675}, {"id": 84, "img_name": "240804_101021_099", "width": 5262, "height": 3922, "position": [39.67005920410156, 43.720863342285156, 96.95643615722656], "rotation": [[-0.9985443353652954, -0.03249746561050415, -0.04302692413330078], [0.00530870258808136, 0.7348432540893555, -0.6782158613204956], [0.0536583811044693, -0.6774577498435974, -0.7336008548736572]], "fy": 3273.836675, "fx": 3273.836675}, {"id": 85, "img_name": "240804_101023_828", "width": 5262, "height": 3922, "position": [39.736549377441406, 29.78159523010254, 96.4623794555664], "rotation": [[-0.9988164901733398, -0.03724616765975952, -0.031279534101486206], [-0.005967547185719013, 0.7320905923843384, -0.6811811923980713], [0.04827087000012398, -0.6801882386207581, -0.7314464449882507]], "fy": 3273.836675, "fx": 3273.836675}, {"id": 86, "img_name": "240804_101026_560", "width": 5262, "height": 3922, "position": [39.3712272644043, 15.914252281188965, 96.01605224609375], "rotation": [[-0.9988102912902832, -0.04177296161651611, -0.025191694498062134], [-0.01342744566500187, 0.7319053411483765, -0.6812742352485657], [0.04689683020114899, -0.680124819278717, -0.7315958142280579]], "fy": 3273.836675, "fx": 3273.836675}, {"id": 87, "img_name": "240804_101029_271", "width": 5262, "height": 3922, "position": [39.002254486083984, 1.6535024642944336, 95.59725952148438], "rotation": [[-0.998798131942749, -0.043986231088638306, -0.021590322256088257], [-0.017428375780582428, 0.7307198643684387, -0.6824549436569214], [0.04579511284828186, -0.6812587976455688, -0.7306080460548401]], "fy": 3273.836675, "fx": 3273.836675}, {"id": 88, "img_name": "240804_101031_934", "width": 5262, "height": 3922, "position": [38.74152374267578, -12.249361991882324, 95.15188598632812], "rotation": [[-0.9988353252410889, -0.044044867157936096, -0.019669771194458008], [-0.018717844039201736, 0.7297133803367615, -0.6834967136383057], [0.044457998126745224, -0.6823328733444214, -0.7296878099441528]], "fy": 3273.836675, "fx": 3273.836675}, {"id": 89, "img_name": "240804_101034_584", "width": 5262, "height": 3922, "position": [38.36347198486328, -26.29595375061035, 94.67622375488281], "rotation": [[-0.9987713694572449, -0.04532232880592346, -0.020023003220558167], [-0.019447272643446922, 0.7302579283714294, -0.6828945875167847], [0.04557213559746742, -0.6816664934158325, -0.7302418947219849]], "fy": 3273.836675, "fx": 3273.836675}, {"id": 90, "img_name": "240804_101037_235", "width": 5262, "height": 3922, "position": [37.95207595825195, -40.19689178466797, 94.12649536132812], "rotation": [[-0.9988569617271423, -0.04373675584793091, -0.0193253755569458], [-0.018765058368444443, 0.7302904725074768, -0.6828790307044983], [0.04398009553551674, -0.6817352771759033, -0.7302767038345337]], "fy": 3273.836675, "fx": 3273.836675}, {"id": 91, "img_name": "240804_101039_948", "width": 5262, "height": 3922, "position": [37.58277130126953, -54.13098907470703, 93.70587158203125], "rotation": [[-0.9988638758659363, -0.0433015376329422, -0.019812539219856262], [-0.018267974257469177, 0.7326819896697998, -0.6803255081176758], [0.04397539421916008, -0.6791918873786926, -0.7326401472091675]], "fy": 3273.836675, "fx": 3273.836675}, {"id": 92, "img_name": "240804_101055_896", "width": 5262, "height": 3922, "position": [52.09404373168945, -98.01191711425781, 91.16276550292969], "rotation": [[0.9956790804862976, -0.09232479333877563, -0.009955793619155884], [-0.05534513667225838, -0.6761000752449036, 0.7347264885902405], [-0.07456475496292114, -0.7310007810592651, -0.678288459777832]], "fy": 3273.836675, "fx": 3273.836675}, {"id": 93, "img_name": "240804_101058_661", "width": 5262, "height": 3922, "position": [52.76760482788086, -84.34998321533203, 91.63792419433594], "rotation": [[0.9950588345527649, -0.09906712174415588, -0.006598323583602905], [-0.06237130984663963, -0.6754204630851746, 0.7347917556762695], [-0.07725066691637039, -0.7307493090629578, -0.6782620549201965]], "fy": 3273.836675, "fx": 3273.836675}, {"id": 94, "img_name": "240804_101101_397", "width": 5262, "height": 3922, "position": [53.207557678222656, -70.18455505371094, 92.12474822998047], "rotation": [[0.9944983124732971, -0.10470998287200928, -0.0030008554458618164], [-0.0687892958521843, -0.6744042038917542, 0.735150933265686], [-0.07900115102529526, -0.7309000492095947, -0.6778968572616577]], "fy": 3273.836675, "fx": 3273.836675}, {"id": 95, "img_name": "240804_101104_102", "width": 5262, "height": 3922, "position": [53.80753707885742, -55.93478012084961, 92.60162353515625], "rotation": [[0.9940376877784729, -0.10903143882751465, 0.0011386871337890625], [-0.07473725080490112, -0.6737005114555359, 0.7352156639099121], [-0.07939449697732925, -0.73091721534729, -0.677832305431366]], "fy": 3273.836675, "fx": 3273.836675}, {"id": 96, "img_name": "240804_101106_803", "width": 5262, "height": 3922, "position": [54.38993453979492, -41.98917007446289, 93.10321044921875], "rotation": [[0.993547797203064, -0.11333668231964111, 0.004177269525825977], [-0.07984459400177002, -0.67283695936203, 0.7354685068130493], [-0.08054494857788086, -0.7310568690299988, -0.6775450706481934]], "fy": 3273.836675, "fx": 3273.836675}, {"id": 97, "img_name": "240804_101109_463", "width": 5262, "height": 3922, "position": [55.0084342956543, -27.91323471069336, 93.57649993896484], "rotation": [[0.9931684136390686, -0.11651265621185303, 0.0064247846603393555], [-0.08361932635307312, -0.6722196340560913, 0.7356163859367371], [-0.0813896432518959, -0.7311283349990845, -0.6773699522018433]], "fy": 3273.836675, "fx": 3273.836675}, {"id": 98, "img_name": "240804_101112_235", "width": 5262, "height": 3922, "position": [55.536197662353516, -13.957256317138672, 94.0232925415039], "rotation": [[0.9930422902107239, -0.11732566356658936, 0.01008567214012146], [-0.08691854774951935, -0.6724966764450073, 0.7349801063537598], [-0.07944966107606888, -0.7307429313659668, -0.6780155301094055]], "fy": 3273.836675, "fx": 3273.836675}, {"id": 99, "img_name": "240804_101114_915", "width": 5262, "height": 3922, "position": [56.12123107910156, 0.5428866147994995, 94.46292114257812], "rotation": [[0.9929230809211731, -0.11809346079826355, 0.0125599205493927], [-0.08934085816144943, -0.6730924844741821, 0.7341411113739014], [-0.07824303954839706, -0.7300678491592407, -0.6788796782493591]], "fy": 3273.836675, "fx": 3273.836675}, {"id": 100, "img_name": "240804_101117_613", "width": 5262, "height": 3922, "position": [56.708805084228516, 14.445632934570312, 94.91484069824219], "rotation": [[0.9928116202354431, -0.11889198422431946, 0.013771802186965942], [-0.09076982736587524, -0.6729421615600586, 0.734105706214904