[
    {
        "id": 0,
        "img_name": "S1014812.jpg",
        "width": 2963,
        "height": 3040,
        "position": [
            5.943274021148682,
            1.6540374755859375,
            0.10161563009023666
        ],
        "rotation": [
            [
                -0.18636702001094818,
                0.249186709523201,
                -0.9503539204597473
            ],
            [
                0.9823311567306519,
                0.03043435327708721,
                -0.18465831875801086
            ],
            [
                -0.017091333866119385,
                -0.9679768085479736,
                -0.2504553198814392
            ]
        ],
        "fy": 2386.268798828125,
        "fx": 2386.268798828125
    },
    {
        "id": 1,
        "img_name": "S1016492.jpg",
        "width": 440,
        "height": 2605,
        "position": [
            5.7295942306518555,
            7.964858531951904,
            1.2788376808166504
        ],
        "rotation": [
            [
                -0.9556223750114441,
                -0.08196680247783661,
                0.2829629182815552
            ],
            [
                -0.2945656478404999,
                0.2795884609222412,
                -0.9138171076774597
            ],
            [
                -0.004210561513900757,
                -0.9566149115562439,
                -0.29132580757141113
            ]
        ],
        "fy": 2386.268798828125,
        "fx": 2386.268798828125
    },
    {
        "id": 2,
        "img_name": "S1016022.jpg",
        "width": 235,
        "height": 188,
        "position": [
            -1.8470484018325806,
            5.430905818939209,
            1.1155040264129639
        ],
        "rotation": [
            [
                0.2963564097881317,
                -0.6255861520767212,
                0.7216757535934448
            ],
            [
                -0.9550244212150574,
                -0.18610653281211853,
                0.2308560311794281
            ],
            [
                -0.010112360119819641,
                -0.7576332688331604,
                -0.6526042222976685
            ]
        ],
        "fy": 2386.268798828125,
        "fx": 2386.268798828125
    },
    {
        "id": 3,
        "img_name": "S1014777.jpg",
        "width": 3712,
        "height": 1822,
        "position": [
            0.48233655095100403,
            11.042705535888672,
            -1.2531695365905762
        ],
        "rotation": [
            [
                -0.8659265041351318,
                0.13649439811706543,
                -0.4811892807483673
            ],
            [
                0.500099241733551,
                0.2196328490972519,
                -0.8376535177230835
            ],
            [
                -0.008649647235870361,
                -0.965987503528595,
                -0.2584475874900818
            ]
        ],
        "fy": 2386.268798828125,
        "fx": 2386.268798828125
    },
    {
        "id": 4,
        "img_name": "S1015924.jpg",
        "width": 2503,
        "height": 1854,
        "position": [
            1.2367119789123535,
            2.7351696491241455,
            1.3514742851257324
        ],
        "rotation": [
            [
                -0.2839631736278534,
                0.9586727619171143,
                -0.01763487420976162
            ],
            [
                0.9588313102722168,
                0.28386425971984863,
                -0.007951858453452587
            ],
            [
                -0.0026173293590545654,
                -0.019166916608810425,
                -0.9998124241828918
            ]
        ],
        "fy": 2386.268798828125,
        "fx": 2386.268798828125
    },
    {
        "id": 5,
        "img_name": "S1016969.jpg",
        "width": 3549,
        "height": 3040,
        "position": [
            -0.9291526079177856,
            -11.24592399597168,
            1.0645320415496826
        ],
        "rotation": [
            [
                -0.9575158953666687,
                -0.22092227637767792,
                0.1853562593460083
            ],
            [
                -0.2883269786834717,
                0.7458261847496033,
                -0.6005088686943054
            ],
            [
                -0.005577785894274712,
                -0.6284399628639221,
                -0.7778382301330566
            ]
        ],
        "fy": 2386.268798828125,
        "fx": 2386.268798828125
    },
    {
        "id": 6,
        "img_name": "S1015958.jpg",
        "width": 2328,
        "height": 1449,
        "position": [
            7.77180290222168,
            6.968616485595703,
            1.336354374885559
        ],
        "rotation": [
            [
                -0.28931182622909546,
                0.6946101784706116,
                -0.6586478352546692
            ],
            [
                0.9572098255157471,
                0.20487280189990997,
                -0.20439498126506805
            ],
            [
                -0.007035419344902039,
                -0.6895976662635803,
                -0.7241600155830383
            ]
        ],
        "fy": 2386.268798828125,
        "fx": 2386.268798828125
    },
    {
        "id": 7,
        "img_name": "S1016106.jpg",
        "width": 1169,
        "height": 2792,
        "position": [
            -3.7296082973480225,
            6.326543807983398,
            1.5164451599121094
        ],
        "rotation": [
            [
                -0.30524545907974243,
                0.9522714614868164,
                -0.0022977697663009167
            ],
            [
                0.9522655010223389,
                0.3052513301372528,
                0.0035727701615542173
            ],
            [
                0.0041036903858184814,
                -0.0010975077748298645,
                -0.999991774559021
            ]
        ],
        "fy": 2386.268798828125,
        "fx": 2386.268798828125
    },
    {
        "id": 8,
        "img_name": "S1015013.jpg",
        "width": 2397,
        "height": 2312,
        "position": [
            -9.594880104064941,
            10.700604438781738,
            1.4934922456741333
        ],
        "rotation": [
            [
                -0.7213391661643982,
                -0.16887345910072327,
                0.6716790199279785
            ],
            [
                -0.692477822303772,
                0.19274139404296875,
                -0.695216178894043
            ],
            [
                -0.01205696165561676,
                -0.966609001159668,
                -0.2559736669063568
            ]
        ],
        "fy": 2386.268798828125,
        "fx": 2386.268798828125
    },
    {
        "id": 9,
        "img_name": "S1016567.jpg",
        "width": 697,
        "height": 2095,
        "position": [
            5.606229782104492,
            2.171809673309326,
            0.9473488926887512
        ],
        "rotation": [
            [
                -0.9552084803581238,
                -0.21358439326286316,
                0.20484019815921783
            ],
            [
                -0.29592907428741455,
                0.6848292946815491,
                -0.6659091114997864
            ],
            [
                0.0019471943378448486,
                -0.696699857711792,
                -0.7173606157302856
            ]
        ],
        "fy": 2386.268798828125,
        "fx": 2386.268798828125
    },
    {
        "id": 10,
        "img_name": "S1015472.jpg",
        "width": 4056,
        "height": 3040,
        "position": [
            -5.469228267669678,
            -10.474540710449219,
            -1.3919953107833862
        ],
        "rotation": [
            [
                -0.280302494764328,
                0.9596691131591797,
                -0.021589146926999092
            ],
            [
                0.9598932862281799,
                0.2803665101528168,
                -4.1320403397548944e-05
            ],
            [
                0.006013244390487671,
                -0.02073485404253006,
                -0.9997673630714417
            ]
        ],
        "fy": 2386.268798828125,
        "fx": 2386.268798828125
    },
    {
        "id": 11,
        "img_name": "S1014936.jpg",
        "width": 4056,
        "height": 3040,
        "position": [
            -5.5840983390808105,
            2.092331647872925,
            0.061744749546051025
        ],
        "rotation": [
            [
                -0.9009546637535095,
                0.11969994753599167,
                -0.4170757830142975
            ],
            [
                0.4337734282016754,
                0.22409944236278534,
                -0.8727083802223206
            ],
            [
                -0.010996736586093903,
                -0.967187225818634,
                -0.25382596254348755
            ]
        ],
        "fy": 2386.268798828125,
        "fx": 2386.268798828125
    },
    {
        "id": 12,
        "img_name": "S1014682.jpg",
        "width": 4056,
        "height": 3040,
        "position": [
            -10.70716381072998,
            -3.11446213722229,
            -1.0889581441879272
        ],
        "rotation": [
            [
                -0.9386382102966309,
                0.09854797273874283,
                -0.3305268883705139
            ],
            [
                0.3446587920188904,
                0.231760174036026,
                -0.9096691608428955
            ],
            [
                -0.013042949140071869,
                -0.9677685499191284,
                -0.25150489807128906
            ]
        ],
        "fy": 2386.268798828125,
        "fx": 2386.268798828125
    },
    {
        "id": 13,
        "img_name": "S1014869.jpg",
        "width": 850,
        "height": 1744,
        "position": [
            -3.167191982269287,
            4.390328407287598,
            -0.021943986415863037
        ],
        "rotation": [
            [
                0.09256875514984131,
                -0.2675970196723938,
                0.9590742588043213
            ],
            [
                -0.9954929947853088,
                -0.004925470799207687,
                0.09470997750759125
            ],
            [
                -0.020620495080947876,
                -0.9635186791419983,
                -0.2668471038341522
            ]
        ],
        "fy": 2386.268798828125,
        "fx": 2386.268798828125
    },
    {
        "id": 14,
        "img_name": "S1016101.jpg",
        "width": 1878,
        "height": 3040,
        "position": [
            -9.413299560546875,
            4.363051414489746,
            1.764262318611145
        ],
        "rotation": [
            [
                -0.3071770668029785,
                0.9516476392745972,
                0.0028086649253964424
            ],
            [
                0.9516420960426331,
                0.30716028809547424,
                0.005404033698141575
            ],
            [
                0.004280015826225281,
                0.004332840442657471,
                -0.9999805092811584
            ]
        ],
        "fy": 2386.268798828125,
        "fx": 2386.268798828125
    },
    {
        "id": 15,
        "img_name": "S1015014.jpg",
        "width": 3374,
        "height": 2282,
        "position": [
            -9.12770938873291,
            10.826653480529785,
            1.4993433952331543
        ],
        "rotation": [
            [
                -0.9277737736701965,
                -0.08513366430997849,
                0.36329591274261475
            ],
            [
                -0.37293410301208496,
                0.2437012642621994,
                -0.8952810764312744
            ],
            [
                -0.012316703796386719,
                -0.9661058187484741,
                -0.25784730911254883
            ]
        ],
        "fy": 2386.268798828125,
        "fx": 2386.268798828125
    },
    {
        "id": 16,
        "img_name": "S1015475.jpg",
        "width": 4056,
        "height": 3040,
        "position": [
            -6.909191608428955,
            -10.74634838104248,
            -1.7079064846038818
        ],
        "rotation": [
            [
                0.2809484004974365,
                -0.9171989560127258,
                0.28251293301582336
            ],
            [
                -0.9597183465957642,
                -0.2676286995410919,
                0.08552506566047668
            ],
            [
                -0.002834826707839966,
                -0.29516109824180603,
                -0.9554425477981567
            ]
        ],
        "fy": 2386.268798828125,
        "fx": 2386.268798828125
    },
    {
        "id": 17,
        "img_name": "S1015807.jpg",
        "width": 4056,
        "height": 3040,
        "position": [
            -2.9196722507476807,
            0.13126331567764282,
            -2.607447385787964
        ],
        "rotation": [
            [
                0.2886296808719635,
                -0.16776856780052185,
                0.9426273703575134
            ],
            [
                -0.9573862552642822,
                -0.04008151590824127,
                0.2860147953033447
            ],
            [
                -0.010202139616012573,
                -0.9850109815597534,
                -0.17218786478042603
            ]
        ],
        "fy": 2386.268798828125,
        "fx": 2386.268798828125
    },
    {
        "id": 18,
        "img_name": "S1014931.jpg",
        "width": 3213,
        "height": 3040,
        "position": [
            -9.256120681762695,
            0.6868337392807007,
            0.11883081495761871
        ],
        "rotation": [
            [
                -0.18471352756023407,
                -0.25331470370292664,
                0.9495862126350403
            ],
            [
                -0.9827232956886292,
                0.05913019925355911,
                -0.17538535594940186
            ],
            [
                -0.011722481809556484,
                -0.9655757546424866,
                -0.25986090302467346
            ]
        ],
        "fy": 2386.268798828125,
        "fx": 2386.268798828125
    },
    {
        "id": 19,
        "img_name": "S1016216.jpg",
        "width": 917,
        "height": 2722,
        "position": [
            -13.592793464660645,
            6.889012336730957,
            1.9411289691925049
        ],
        "rotation": [
            [
                -0.30813199281692505,
                0.844742476940155,
                -0.43757012486457825
            ],
            [
                0.9511966705322266,
                0.26543599367141724,
                -0.1573854237794876
            ],
            [
                -0.016802817583084106,
                -0.4647100567817688,
                -0.8853058218955994
            ]
        ],
        "fy": 2386.268798828125,
        "fx": 2386.268798828125
    },
    {
        "id": 20,
        "img_name": "S1014815.jpg",
        "width": 3134,
        "height": 2540,
        "position": [
            6.76432466506958,
            -0.6794493794441223,
            0.209254652261734
        ],
        "rotation": [
            [
                -0.8225786089897156,
                0.15233394503593445,
                -0.5478648543357849
            ],
            [
                0.5685153603553772,
                0.19943487644195557,
                -0.7981319427490234
            ],
            [
                -0.01231970265507698,
                -0.9679973125457764,
                -0.2506538927555084
            ]
        ],
        "fy": 2386.268798828125,
        "fx": 2386.268798828125
    },
    {
        "id": 21,
        "img_name": "S1016782.jpg",
        "width": 2372,
        "height": 3040,
        "position": [
            4.2951979637146,
            -12.709723472595215,
            -1.2963287830352783
        ],
        "rotation": [
            [
                0.9585099220275879,
                0.06021958217024803,
                -0.278626024723053
            ],
            [
                0.28433337807655334,
                -0.27168890833854675,
                0.9194231629371643
            ],
            [
                -0.020332399755716324,
                -0.9604988098144531,
                -0.2775390148162842
            ]
        ],
        "fy": 2386.268798828125,
        "fx": 2386.268798828125
    },
    {
        "id": 22,
        "img_name": "S1016025.jpg",
        "width": 1569,
        "height": 2421,
        "position": [
            0.04376992583274841,
            6.094147682189941,
            1.4777992963790894
        ],
        "rotation": [
            [
                -0.29511743783950806,
                0.9317103624343872,
                -0.21170766651630402
            ],
            [
                0.9554584622383118,
                0.28735706210136414,
                -0.06726229935884476
            ],
            [
                -0.0018334239721298218,
                -0.22212833166122437,
                -0.9750146269798279
            ]
        ],
        "fy": 2386.268798828125,
        "fx": 2386.268798828125
    },
    {
        "id": 23,
        "img_name": "S1015697.jpg",
        "width": 4056,
        "height": 2376,
        "position": [
            6.418542385101318,
            -0.4534696340560913,
            0.7851350903511047
        ],
        "rotation": [
            [
                -0.29698115587234497,
                0.43188175559043884,
                -0.8516337275505066
            ],
            [
                0.9548264741897583,
                0.12458860874176025,
                -0.2697851061820984
            ],
            [
                -0.010411322116851807,
                -0.8932836651802063,
                -0.44937238097190857
            ]
        ],
        "fy": 2386.268798828125,
        "fx": 2386.268798828125
    },
    {
        "id": 24,
        "img_name": "S1015130.jpg",
        "width": 727,
        "height": 3040,
        "position": [
            5.714311599731445,
            -8.517951965332031,
            1.5505858659744263
        ],
        "rotation": [
            [
                -0.9591555595397949,
                -0.06943418085575104,
                0.2742290198802948
            ],
            [
                -0.2826865017414093,
                0.2714022099971771,
                -0.920016348361969
            ],
            [
                -0.01054593175649643,
                -0.9599586129188538,
                -0.27994585037231445
            ]
        ],
        "fy": 2386.268798828125,
        "fx": 2386.268798828125
    },
    {
        "id": 25,
        "img_name": "S1017204.jpg",
        "width": 4056,
        "height": 3040,
        "position": [
            -7.042941570281982,
            -6.7929511070251465,
            -2.893465757369995
        ],
        "rotation": [
            [
                -0.9542043805122375,
                -0.29912877082824707,
                -0.003711983095854521
            ],
            [
                -0.2990689277648926,
                0.9541596174240112,
                -0.0117162661626935
            ],
            [
                0.00704646110534668,
                -0.010069578886032104,
                -0.9999233484268188
            ]
        ],
        "fy": 2386.268798828125,
        "fx": 2386.268798828125
    },
    {
        "id": 26,
        "img_name": "S1016836.jpg",
        "width": 3833,
        "height": 2392,
        "position": [
            -1.2517476081848145,
            3.0470757484436035,
            1.6536122560501099
        ],
        "rotation": [
            [
                -0.9584175944328308,
                -0.28267043828964233,
                0.0391557402908802
            ],
            [
                -0.28528204560279846,
                0.9456642270088196,
                -0.15599092841148376
            ],
            [
                0.0070658475160598755,
                -0.16067487001419067,
                -0.9869821071624756
            ]
        ],
        "fy": 2386.268798828125,
        "fx": 2386.268798828125
    },
    {
        "id": 27,
        "img_name": "S1015923.jpg",
        "width": 2530,
        "height": 2704,
        "position": [
            0.25168925523757935,
            2.7822585105895996,
            1.4256948232650757
        ],
        "rotation": [
            [
                -0.2877260744571686,
                0.9451496601104736,
                -0.1546068638563156
            ],
            [
                0.9577000141143799,
                0.2831624448299408,
                -0.051267173141241074
            ],
            [
                -0.004676461219787598,
                -0.1628180891275406,
                -0.9866430163383484
            ]
        ],
        "fy": 2386.268798828125,
        "fx": 2386.268798828125
    },
    {
        "id": 28,
        "img_name": "S1015551.jpg",
        "width": 4056,
        "height": 3040,
        "position": [
            -7.889203071594238,
            -7.796787738800049,
            -2.977421760559082
        ],
        "rotation": [
            [
                -0.27520257234573364,
                0.9323616027832031,
                -0.2344476878643036
            ],
            [
                0.9613828659057617,
                0.26755979657173157,
                -0.06445883959531784
            ],
            [
                0.002629876136779785,
                -0.24313318729400635,
                -0.9699896574020386
            ]
        ],
        "fy": 2386.268798828125,
        "fx": 2386.268798828125
    },
    {
        "id": 29,
        "img_name": "S1014628.jpg",
        "width": 2776,
        "height": 3040,
        "position": [
            2.773660898208618,
            -12.411978721618652,
            -2.4697115421295166
        ],
        "rotation": [
            [
                0.9587981700897217,
                0.0541549026966095,
                -0.27887895703315735
            ],
            [
                0.28352126479148865,
                -0.2444065660238266,
                0.9272980690002441
            ],
            [
                -0.017942018806934357,
                -0.9681597948074341,
                -0.24969054758548737
            ]
        ],
        "fy": 2386.268798828125,
        "fx": 2386.268798828125
    },
    {
        "id": 30,
        "img_name": "S1014867.jpg",
        "width": 2152,
        "height": 2535,
        "position": [
            -4.165030002593994,
            2.8909173011779785,
            -0.5709971189498901
        ],
        "rotation": [
            [
                -0.08285924792289734,
                -0.2642233967781067,
                0.9608950018882751
            ],
            [
                -0.9964081645011902,
                0.03883591294288635,
                -0.07524371147155762
            ],
            [
                -0.01743549481034279,
                -0.9636787176132202,
                -0.26649177074432373
            ]
        ],
        "fy": 2386.268798828125,
        "fx": 2386.268798828125
    },
    {
        "id": 31,
        "img_name": "S1015193.jpg",
        "width": 1732,
        "height": 1304,
        "position": [
            -12.511474609375,
            1.9085687398910522,
            1.325192928314209
        ],
        "rotation": [
            [
                0.5564896464347839,
                0.19486777484416962,
                -0.8076794147491455
            ],
            [
                0.8307226896286011,
                -0.14782145619392395,
                0.5367018580436707
            ],
            [
                -0.014806434512138367,
                -0.9696265459060669,
                -0.24414220452308655
            ]
        ],
        "fy": 2386.268798828125,
        "fx": 2386.268798828125
    },
    {
        "id": 32,
        "img_name": "S1016721.jpg",
        "width": 2121,
        "height": 3040,
        "position": [
            2.2919204235076904,
            1.2053344249725342,
            1.5371551513671875
        ],
        "rotation": [
            [
                -0.9592723846435547,
                -0.2771456241607666,
                0.05465596541762352
            ],
            [
                -0.28243663907051086,
                0.937462329864502,
                -0.20345483720302582
            ],
            [
                0.005148708820343018,
                -0.2106054276227951,
                -0.9775578379631042
            ]
        ],
        "fy": 2386.268798828125,
        "fx": 2386.268798828125
    },
    {
        "id": 33,
        "img_name": "S1014702.jpg",
        "width": 1838,
        "height": 3040,
        "position": [
            -4.296336650848389,
            2.902156352996826,
            -1.5355284214019775
        ],
        "rotation": [
            [
                0.05157061293721199,
                -0.2603636085987091,
                0.9641323685646057
            ],
            [
                -0.9985908269882202,
                -0.0013402849435806274,
                0.05305194854736328
            ],
            [
                -0.012520682998001575,
                -0.9655097723007202,
                -0.26006588339805603
            ]
        ],
        "fy": 2386.268798828125,
        "fx": 2386.268798828125
    },
    {
        "id": 34,
        "img_name": "S1015284.jpg",
        "width": 4056,
        "height": 3040,
        "position": [
            -6.6946234703063965,
            -15.644598007202148,
            0.953991711139679
        ],
        "rotation": [
            [
                -0.2816188335418701,
                0.8584954142570496,
                -0.42857587337493896
            ],
            [
                0.9594979286193848,
                0.2484912872314453,
                -0.1327267289161682
            ],
            [
                -0.007447820156812668,
                -0.44859588146209717,
                -0.8937044739723206
            ]
        ],
        "fy": 2386.268798828125,
        "fx": 2386.268798828125
    },
    {
        "id": 35,
        "img_name": "S1015809.jpg",
        "width": 3963,
        "height": 3040,
        "position": [
            -3.5212366580963135,
            -0.264545202255249,
            -1.7713069915771484
        ],
        "rotation": [
            [
                0.2924259305000305,
                0.2070501297712326,
                0.93360435962677
            ],
            [
                -0.956201434135437,
                0.07645737379789352,
                0.2825474441051483
            ],
            [
                -0.012879416346549988,
                -0.9753381609916687,
                0.2203398048877716
            ]
        ],
        "fy": 2386.268798828125,
        "fx": 2386.268798828125
    },
    {
        "id": 36,
        "img_name": "S1016218.jpg",
        "width": 772,
        "height": 378,
        "position": [
            -12.481344223022461,
            7.357868194580078,
            1.910688877105713
        ],
        "rotation": [
            [
                -0.3103448152542114,
                0.9496670365333557,
                0.0426371768116951
            ],
            [
                0.950542688369751,
                0.3105918765068054,
                0.0008839070796966553
            ],
            [
                -0.012403331696987152,
                0.040802791714668274,
                -0.9990896582603455
            ]
        ],
        "fy": 2386.268798828125,
        "fx": 2386.268798828125
    },
    {
        "id": 37,
        "img_name": "S1017039.jpg",
        "width": 4056,
        "height": 3040,
        "position": [
            -4.574553966522217,
            -3.9248836040496826,
            -2.8634746074676514
        ],
        "rotation": [
            [
                0.9570612907409668,
                0.2893230617046356,
                -0.018054213374853134
            ],
            [
                0.28986483812332153,
                -0.9558837413787842,
                0.04760698229074478
            ],
            [
                -0.0034839510917663574,
                -0.05079604685306549,
                -0.9987039566040039
            ]
        ],
        "fy": 2386.268798828125,
        "fx": 2386.268798828125
    },
    {
        "id": 38,
        "img_name": "S1015699.jpg",
        "width": 4056,
        "height": 1887,
        "position": [
            4.835689067840576,
            -0.8844886422157288,
            1.455461859703064
        ],
        "rotation": [
            [
                -0.2844410240650177,
                0.8904117941856384,
                -0.3553294837474823
            ],
            [
                0.9586876034736633,
                0.2629455327987671,
                -0.10852182656526566
            ],
            [
                -0.0031970664858818054,
                -0.37151825428009033,
                -0.9284191727638245
            ]
        ],
        "fy": 2386.268798828125,
        "fx": 2386.268798828125
    },
    {
        "id": 39,
        "img_name": "S1016838.jpg",
        "width": 3947,
        "height": 3040,
        "position": [
            -1.859304428100586,
            3.7214772701263428,
            1.4031013250350952
        ],
        "rotation": [
            [
                -0.9555004835128784,
                -0.18808653950691223,
                0.2272566705942154
            ],
            [
                -0.29496315121650696,
                0.6205055713653564,
                -0.7266156673431396
            ],
            [
                -0.0043476298451423645,
                -0.7613126635551453,
                -0.6483727693557739
            ]
        ],
        "fy": 2386.268798828125,
        "fx": 2386.268798828125
    },
    {
        "id": 40,
        "img_name": "S1014626.jpg",
        "width": 4056,
        "height": 3040,
        "position": [
            1.9267627000808716,
            -13.106188774108887,
            -2.3916163444519043
        ],
        "rotation": [
            [
                0.7963206171989441,
                0.13787156343460083,
                -0.5889525413513184
            ],
            [
                0.6046469211578369,
                -0.20816074311733246,
                0.7688117027282715
            ],
            [
                -0.016599491238594055,
                -0.9683288931846619,
                -0.24912633001804352
            ]
        ],
        "fy": 2386.268798828125,
        "fx": 2386.268798828125
    },
    {
        "id": 41,
        "img_name": "S1016960.jpg",
        "width": 3755,
        "height": 3040,
        "position": [
            0.22305740416049957,
            -14.408108711242676,
            -0.8906665444374084
        ],
        "rotation": [
            [
                0.9567456841468811,
                0.2909189760684967,
                0.0019788290373981
            ],
            [
                0.29091763496398926,
                -0.9567486643791199,
                0.0008886649156920612
            ],
            [
                0.002151763066649437,
                -0.0002745427191257477,
                -0.9999986886978149
            ]
        ],
        "fy": 2386.268798828125,
        "fx": 2386.268798828125
    },
    {
        "id": 42,
        "img_name": "S1017352.jpg",
        "width": 4056,
        "height": 3040,
        "position": [
            -6.852273464202881,
            -13.620288848876953,
            0.20564036071300507
        ],
        "rotation": [
            [
                -0.9544192552566528,
                -0.1885487139225006,
                0.23136553168296814
            ],
            [
                -0.2983645498752594,
                0.6227344274520874,
                -0.7233117818832397
            ],
            [
                -0.007699685636907816,
                -0.7593751549720764,
                -0.6506053805351257
            ]
        ],
        "fy": 2386.268798828125,
        "fx": 2386.268798828125
    },
    {
        "id": 43,
        "img_name": "S1014943.jpg",
        "width": 2257,
        "height": 2924,
        "position": [
            -5.817605972290039,
            -0.9055143594741821,
            1.1808452606201172
        ],
        "rotation": [
            [
                0.8193548917770386,
                0.13245905935764313,
                -0.5577742457389832
            ],
            [
                0.5730518102645874,
                -0.21707865595817566,
                0.7902456521987915
            ],
            [
                -0.016405746340751648,
                -0.9671251177787781,
                -0.2537703216075897
            ]
        ],
        "fy": 2386.268798828125,
        "fx": 2386.268798828125
    },
    {
        "id": 44,
        "img_name": "S1015710.jpg",
        "width": 4056,
        "height": 3040,
        "position": [
            -2.359032154083252,
            -3.0781826972961426,
            -2.851747989654541
        ],
        "rotation": [
            [
                0.2905873954296112,
                -0.5791136622428894,
                0.7617001533508301
            ],
            [
                -0.9567739367485046,
                -0.16589704155921936,
                0.23887872695922852
            ],
            [
                -0.011974495835602283,
                -0.7981895208358765,
                -0.6022886037826538
            ]
        ],
        "fy": 2386.268798828125,
        "fx": 2386.268798828125
    },
    {
        "id": 45,
        "img_name": "S1017045.jpg",
        "width": 4056,
        "height": 3040,
        "position": [
            -3.4212379455566406,
            -8.836763381958008,
            -2.209587812423706
        ],
        "rotation": [
            [
                -0.9574713110923767,
                -0.1678103804588318,
                0.23471254110336304
            ],
            [
                -0.28845930099487305,
                0.5749018788337708,
                -0.7656888961791992
            ],
            [
                -0.006446272134780884,
                -0.8008295893669128,
                -0.5988587737083435
            ]
        ],
        "fy": 2386.268798828125,
        "fx": 2386.268798828125
    },
    {
        "id": 46,
        "img_name": "S1014621.jpg",
        "width": 4056,
        "height": 3040,
        "position": [
            -5.9349775314331055,
            1.6371126174926758,
            -2.256789445877075
        ],
        "rotation": [
            [
                -0.7855827212333679,
                0.16439029574394226,
                -0.5965214967727661
            ],
            [
                0.6187052726745605,
                0.19605235755443573,
                -0.7607681751251221
            ],
            [
                -0.00811302661895752,
                -0.9667162299156189,
                -0.2557254731655121
            ]
        ],
        "fy": 2386.268798828125,
        "fx": 2386.268798828125
    },
    {
        "id": 47,
        "img_name": "S1015061.jpg",
        "width": 4056,
        "height": 3040,
        "position": [
            5.805677890777588,
            -0.34871530532836914,
            1.1352100372314453
        ],
        "rotation": [
            [
                -0.5398009419441223,
                0.22075815498828888,
                -0.8123302459716797
            ],
            [
                0.8415544033050537,
                0.11857006698846817,
                -0.5269981622695923
            ],
            [
                -0.0200212299823761,
                -0.9680943489074707,
                -0.24978411197662354
            ]
        ],
        "fy": 2386.268798828125,
        "fx": 2386.268798828125
    },
    {
        "id": 48,
        "img_name": "S1016967.jpg",
        "width": 4056,
        "height": 3040,
        "position": [
            -0.5565541386604309,
            -11.858773231506348,
            1.308820366859436
        ],
        "rotation": [
            [
                0.9547371864318848,
                0.2960875332355499,
                -0.028446856886148453
            ],
            [
                0.2974328398704529,
                -0.9513567090034485,
                0.08035419136285782
            ],
            [
                -0.0032711755484342575,
                -0.08517816662788391,
                -0.9963617920875549
            ]
        ],
        "fy": 2386.268798828125,
        "fx": 2386.268798828125
    },
    {
        "id": 49,
        "img_name": "S1015872.jpg",
        "width": 3547,
        "height": 2202,
        "position": [
            -8.746880531311035,
            -1.5402127504348755,
            0.28871023654937744
        ],
        "rotation": [
            [
                0.29678261280059814,
                -0.2913922071456909,
                0.9094008803367615
            ],
            [
                -0.954887866973877,
                -0.08015445619821548,
                0.28594428300857544
            ],
            [
                -0.010429076850414276,
                -0.9532394409179688,
                -0.30203506350517273
            ]
        ],
        "fy": 2386.268798828125,
        "fx": 2386.268798828125
    },
    {
        "id": 50,
        "img_name": "S1014944.jpg",
        "width": 302,
        "height": 43,
        "position": [
            -6.620569229125977,
            -1.1176846027374268,
            1.1356199979782104
        ],
        "rotation": [
            [
                0.978010356426239,
                0.03767525777220726,
                -0.20512531697750092
            ],
            [
                0.20789684355258942,
                -0.25428223609924316,
                0.9445211291313171
            ],
            [
                -0.016574576497077942,
                -0.9663962125778198,
                -0.2565232217311859
            ]
        ],
        "fy": 2386.268798828125,
        "fx": 2386.268798828125
    },
    {
        "id": 51,
        "img_name": "S1015376.jpg",
        "width": 4056,
        "height": 1441,
        "position": [
            2.743537187576294,
            -10.11020565032959,
            -0.28603747487068176
        ],
        "rotation": [
            [
                0.2840503752231598,
                -0.9199780225753784,
                0.27010378241539
            ],
            [
                -0.9587895274162292,
                -0.2707209885120392,
                0.08621682226657867
            ],
            [
                -0.006194863468408585,
                -0.2834625244140625,
                -0.9589636921882629
            ]
        ],
        "fy": 2386.268798828125,
        "fx": 2386.268798828125
    },
    {
        "id": 52,
        "img_name": "S1015717.jpg",
        "width": 4056,
        "height": 3040,
        "position": [
            -7.500568866729736,
            -4.541505813598633,
            -2.9964041709899902
        ],
        "rotation": [
            [
                0.29436105489730835,
                -0.9556604027748108,
                0.008013460785150528
            ],
            [
                -0.9556007385253906,
                -0.2942039966583252,
                0.016444804146885872
            ],
            [
                -0.013358011841773987,
