[
    {
        "id": 0,
        "img_name": "P4151883.jpg",
        "width": 1269,
        "height": 706,
        "position": [
            31.736141204833984,
            13.624137878417969,
            211.64952087402344
        ],
        "rotation": [
            [
                -0.8843526840209961,
                0.292504221200943,
                -0.3638150095939636
            ],
            [
                0.46645861864089966,
                0.523067057132721,
                -0.7133141756057739
            ],
            [
                -0.018347468227148056,
                -0.8005262017250061,
                -0.5990170240402222
            ]
        ],
        "fy": 2990.532470703125,
        "fx": 2990.532470703125
    },
    {
        "id": 1,
        "img_name": "P2831751.jpg",
        "width": 2237,
        "height": 573,
        "position": [
            37.98886489868164,
            6.753604888916016,
            222.57688903808594
        ],
        "rotation": [
            [
                -0.5756375193595886,
                0.64681476354599,
                -0.5002727508544922
            ],
            [
                0.8175581693649292,
                0.44361937046051025,
                -0.3671533465385437
            ],
            [
                -0.015548680908977985,
                -0.6203485131263733,
                -0.7841731905937195
            ]
        ],
        "fy": 2990.532470703125,
        "fx": 2990.532470703125
    },
    {
        "id": 2,
        "img_name": "P3731841.jpg",
        "width": 424,
        "height": 419,
        "position": [
            23.11125373840332,
            -26.15699577331543,
            211.6316680908203
        ],
        "rotation": [
            [
                0.983303427696228,
                0.08967797458171844,
                -0.1583428531885147
            ],
            [
                0.18085627257823944,
                -0.577894389629364,
                0.7958186268806458
            ],
            [
                -0.020136376842856407,
                -0.811168372631073,
                -0.5844642519950867
            ]
        ],
        "fy": 2990.532470703125,
        "fx": 2990.532470703125
    },
    {
        "id": 3,
        "img_name": "P1821650.jpg",
        "width": 162,
        "height": 1037,
        "position": [
            8.038177490234375,
            -23.8120059967041,
            228.4447021484375
        ],
        "rotation": [
            [
                0.8382340669631958,
                -0.4797288775444031,
                0.259273886680603
            ],
            [
                -0.5441709160804749,
                -0.7051567435264587,
                0.45457127690315247
            ],
            [
                -0.03524127975106239,
                -0.522127091884613,
                -0.8521410822868347
            ]
        ],
        "fy": 2990.532470703125,
        "fx": 2990.532470703125
    },
    {
        "id": 4,
        "img_name": "P3551823.jpg",
        "width": 2094,
        "height": 506,
        "position": [
            40.52052688598633,
            -0.8863096237182617,
            212.06719970703125
        ],
        "rotation": [
            [
                -0.17674575746059418,
                0.5972416400909424,
                -0.7823453545570374
            ],
            [
                0.9841355681419373,
                0.09473006427288055,
                -0.1500166952610016
            ],
            [
                -0.015483640134334564,
                -0.7964480519294739,
                -0.6045105457305908
            ]
        ],
        "fy": 2990.532470703125,
        "fx": 2990.532470703125
    },
    {
        "id": 5,
        "img_name": "P3071775.jpg",
        "width": 175,
        "height": 405,
        "position": [
            17.98552894592285,
            -27.015748977661133,
            217.4267578125
        ],
        "rotation": [
            [
                0.9991093277931213,
                -0.041956208646297455,
                0.004520595073699951
            ],
            [
                -0.03206033632159233,
                -0.685059130191803,
                0.7277811765670776
            ],
            [
                -0.02743835560977459,
                -0.7272777557373047,
                -0.6857940554618835
            ]
        ],
        "fy": 2990.532470703125,
        "fx": 2990.532470703125
    },
    {
        "id": 6,
        "img_name": "P2291697.jpg",
        "width": 1885,
        "height": 1185,
        "position": [
            34.633689880371094,
            -22.269433975219727,
            223.28585815429688
        ],
        "rotation": [
            [
                0.6778357028961182,
                0.5612204074859619,
                -0.4749441146850586
            ],
            [
                0.734880805015564,
                -0.5366107821464539,
                0.41472840309143066
            ],
            [
                -0.02210780791938305,
                -0.6301414966583252,
                -0.7761644721031189
            ]
        ],
        "fy": 2990.532470703125,
        "fx": 2990.532470703125
    },
    {
        "id": 7,
        "img_name": "P3671835.jpg",
        "width": 1570,
        "height": 855,
        "position": [
            34.000728607177734,
            -20.28961944580078,
            211.7346954345703
        ],
        "rotation": [
            [
                0.7126225233078003,
                0.41156649589538574,
                -0.5681391358375549
            ],
            [
                0.7014248371124268,
                -0.4331444501876831,
                0.5660302639007568
            ],
            [
                -0.013128292746841908,
                -0.8018732666969299,
                -0.5973504185676575
            ]
        ],
        "fy": 2990.532470703125,
        "fx": 2990.532470703125
    },
    {
        "id": 8,
        "img_name": "P2111679.jpg",
        "width": 1610,
        "height": 973,
        "position": [
            32.162723541259766,
            7.509696960449219,
            228.4982452392578
        ],
        "rotation": [
            [
                -0.7872388958930969,
                0.5340228080749512,
                -0.30834144353866577
            ],
            [
                0.616419792175293,
                0.6678940653800964,
                -0.41706669330596924
            ],
            [
                -0.016783230006694794,
                -0.5183987617492676,
                -0.8549742698669434
            ]
        ],
        "fy": 2990.532470703125,
        "fx": 2990.532470703125
    },
    {
        "id": 9,
        "img_name": "P2381706.jpg",
        "width": 335,
        "height": 604,
        "position": [
            18.801616668701172,
            -28.270715713500977,
            222.833251953125
        ],
        "rotation": [
            [
                0.9985843896865845,
                -0.0528348833322525,
                -0.0061447396874427795
            ],
            [
                -0.03630882501602173,
                -0.7615342736244202,
                0.6471042037010193
            ],
            [
                -0.03887001425027847,
                -0.645965039730072,
                -0.7623748183250427
            ]
        ],
        "fy": 2990.532470703125,
        "fx": 2990.532470703125
    },
    {
        "id": 10,
        "img_name": "P2131681.jpg",
        "width": 1979,
        "height": 830,
        "position": [
            34.75157165527344,
            4.845160007476807,
            228.39080810546875
        ],
        "rotation": [
            [
                -0.6504126191139221,
                0.6547264456748962,
                -0.38509565591812134
            ],
            [
                0.7593874335289001,
                0.5489931702613831,
                -0.3491963744163513
            ],
            [
                -0.01721319369971752,
                -0.5195581316947937,
                -0.854263186454773
            ]
        ],
        "fy": 2990.532470703125,
        "fx": 2990.532470703125
    },
    {
        "id": 11,
        "img_name": "P3611829.jpg",
        "width": 2407,
        "height": 665,
        "position": [
            39.964515686035156,
            -11.581381797790527,
            211.6371307373047
        ],
        "rotation": [
            [
                0.3407326936721802,
                0.5452425479888916,
                -0.7659063339233398
            ],
            [
                0.9393904209136963,
                -0.23040151596069336,
                0.25389042496681213
            ],
            [
                -0.03803606331348419,
                -0.805993378162384,
                -0.5907007455825806
            ]
        ],
        "fy": 2990.532470703125,
        "fx": 2990.532470703125
    },
    {
        "id": 12,
        "img_name": "P3011769.jpg",
        "width": 1305,
        "height": 693,
        "position": [
            31.284757614135742,
            -23.605058670043945,
            217.45718383789062
        ],
        "rotation": [
            [
                0.8310439586639404,
                0.37471476197242737,
                -0.41103923320770264
            ],
            [
                0.5558807253837585,
                -0.5848514437675476,
                0.5907176733016968
            ],
            [
                -0.019047217443585396,
                -0.7194024324417114,
                -0.6943338513374329
            ]
        ],
        "fy": 2990.532470703125,
        "fx": 2990.532470703125
    },
    {
        "id": 13,
        "img_name": "P2971765.jpg",
        "width": 1765,
        "height": 951,
        "position": [
            35.62736129760742,
            -19.64010238647461,
            217.47254943847656
        ],
        "rotation": [
            [
                0.6658151149749756,
                0.5173320174217224,
                -0.5376424789428711
            ],
            [
                0.7459452152252197,
                -0.4770079255104065,
                0.46479055285453796
            ],
            [
                -0.016010455787181854,
                -0.7105145454406738,
                -0.7035019397735596
            ]
        ],
        "fy": 2990.532470703125,
        "fx": 2990.532470703125
    },
    {
        "id": 14,
        "img_name": "P2061674.jpg",
        "width": 582,
        "height": 1313,
        "position": [
            22.978303909301758,
            12.068683624267578,
            228.42095947265625
        ],
        "rotation": [
            [
                -0.9923460483551025,
                0.11478385329246521,
                -0.04553014039993286
            ],
            [
                0.12177771329879761,
                0.8485991954803467,
                -0.5148296356201172
            ],
            [
                -0.020456913858652115,
                -0.5164340138435364,
                -0.8560820817947388
            ]
        ],
        "fy": 2990.532470703125,
        "fx": 2990.532470703125
    },
    {
        "id": 15,
        "img_name": "P3701838.jpg",
        "width": 1191,
        "height": 958,
        "position": [
            30.721378326416016,
            -23.227869033813477,
            211.6113739013672
        ],
        "rotation": [
            [
                0.8438961505889893,
                0.3062680959701538,
                -0.440499484539032
            ],
            [
                0.5363130569458008,
                -0.5036280751228333,
                0.6772942543029785
            ],
            [
                -0.014413627795875072,
                -0.8078117370605469,
                -0.5892646908760071
            ]
        ],
        "fy": 2990.532470703125,
        "fx": 2990.532470703125
    },
    {
        "id": 16,
        "img_name": "P4211889.jpg",
        "width": 2290,
        "height": 560,
        "position": [
            39.01471710205078,
            4.994840621948242,
            211.74539184570312
        ],
        "rotation": [
            [
                -0.5128421783447266,
                0.5255361795425415,
                -0.6788280010223389
            ],
            [
                0.8583762645721436,
                0.30137452483177185,
                -0.4151673913002014
            ],
            [
                -0.01360357366502285,
                -0.7956042885780334,
                -0.6056658029556274
            ]
        ],
        "fy": 2990.532470703125,
        "fx": 2990.532470703125
    },
    {
        "id": 17,
        "img_name": "P1681636.jpg",
        "width": 2238,
        "height": 791,
        "position": [
            34.94676971435547,
            -18.745384216308594,
            227.79495239257812
        ],
        "rotation": [
            [
                0.5328720211982727,
                0.7287173271179199,
                -0.43013930320739746
            ],
            [
                0.8461496233940125,
                -0.45353323221206665,
                0.27989086508750916
            ],
            [
                0.008881153538823128,
                -0.5131097435951233,
                -0.8582783937454224
            ]
        ],
        "fy": 2990.532470703125,
        "fx": 2990.532470703125
    },
    {
        "id": 18,
        "img_name": "P1741642.jpg",
        "width": 1422,
        "height": 1502,
        "position": [
            27.803268432617188,
            -25.231836318969727,
            227.39678955078125
        ],
        "rotation": [
            [
                0.864542543888092,
                0.42229795455932617,
                -0.27245330810546875
            ],
            [
                0.5024305582046509,
                -0.7385712265968323,
                0.4495295286178589
            ],
            [
                -0.011391421779990196,
                -0.5255265831947327,
                -0.8507013320922852
            ]
        ],
        "fy": 2990.532470703125,
        "fx": 2990.532470703125
    },
    {
        "id": 19,
        "img_name": "P2751743.jpg",
        "width": 652,
        "height": 1037,
        "position": [
            25.579029083251953,
            16.869365692138672,
            222.89906311035156
        ],
        "rotation": [
            [
                -0.9808523654937744,
                0.16312149167060852,
                -0.10640572011470795
            ],
            [
                0.19366572797298431,
                0.759126603603363,
                -0.6214665174484253
            ],
            [
                -0.0205988846719265,
                -0.6301735043525696,
                -0.776182234287262
            ]
        ],
        "fy": 2990.532470703125,
        "fx": 2990.532470703125
    },
    {
        "id": 20,
        "img_name": "P3491817.jpg",
        "width": 2126,
        "height": 665,
        "position": [
            36.89740753173828,
            8.689404487609863,
            217.4832763671875
        ],
        "rotation": [
            [
                -0.6407507658004761,
                0.5498105883598328,
                -0.5358620285987854
            ],
            [
                0.7674556374549866,
                0.43936067819595337,
                -0.4668777287006378
            ],
            [
                -0.021257823333144188,
                -0.7104020118713379,
                -0.703476071357727
            ]
        ],
        "fy": 2990.532470703125,
        "fx": 2990.532470703125
    },
    {
        "id": 21,
        "img_name": "P2961764.jpg",
        "width": 1973,
        "height": 914,
        "position": [
            37.38985061645508,
            -17.869335174560547,
            217.4251708984375
        ],
        "rotation": [
            [
                0.5767771005630493,
                0.5665249228477478,
                -0.5885357856750488
            ],
            [
                0.8167723417282104,
                -0.4127717614173889,
                0.40312397480010986
            ],
            [
                -0.014553473331034184,
                -0.7132107019424438,
                -0.7008009552955627
            ]
        ],
        "fy": 2990.532470703125,
        "fx": 2990.532470703125
    },
    {
        "id": 22,
        "img_name": "P2071675.jpg",
        "width": 861,
        "height": 1265,
        "position": [
            25.649904251098633,
            11.262015342712402,
            228.524658203125
        ],
        "rotation": [
            [
                -0.9645207524299622,
                0.23548513650894165,
                -0.11935131251811981
            ],
            [
                0.263249933719635,
                0.8237285017967224,
                -0.5021661520004272
            ],
            [
                -0.019938942044973373,
                -0.5157693028450012,
                -0.856494665145874
            ]
        ],
        "fy": 2990.532470703125,
        "fx": 2990.532470703125
    },
    {
        "id": 23,
        "img_name": "P3711839.jpg",
        "width": 1009,
        "height": 715,
        "position": [
            28.734725952148438,
            -24.372032165527344,
            211.66368103027344
        ],
        "rotation": [
            [
                0.893995463848114,
                0.2529873847961426,
                -0.3698234558105469
            ],
            [
                0.44785088300704956,
                -0.5306740403175354,
                0.7195934653282166
            ],
            [
                -0.01420675776898861,
                -0.8089389801025391,
                -0.5877208113670349
            ]
        ],
        "fy": 2990.532470703125,
        "fx": 2990.532470703125
    },
    {
        "id": 24,
        "img_name": "P4201888.jpg",
        "width": 2155,
        "height": 616,
        "position": [
            38.112728118896484,
            6.92333984375,
            211.6833953857422
        ],
        "rotation": [
            [
                -0.6017484664916992,
                0.48874998092651367,
                -0.6316816210746765
            ],
            [
                0.7985697984695435,
                0.35474491119384766,
                -0.4862530827522278
            ],
            [
                -0.013570265844464302,
                -0.7970442771911621,
                -0.6037676334381104
            ]
        ],
        "fy": 2990.532470703125,
        "fx": 2990.532470703125
    },
    {
        "id": 25,
        "img_name": "P1691637.jpg",
        "width": 2114,
        "height": 924,
        "position": [
            34.016929626464844,
            -20.29208755493164,
            227.8787078857422
        ],
        "rotation": [
            [
                0.5970052480697632,
                0.6885050535202026,
                -0.4117596745491028
            ],
            [
                0.8021805286407471,
                -0.5061969757080078,
                0.31666046380996704
            ],
            [
                0.00959103461354971,
                -0.5193545818328857,
                -0.8545069694519043
            ]
        ],
        "fy": 2990.532470703125,
        "fx": 2990.532470703125
    },
    {
        "id": 26,
        "img_name": "P2741742.jpg",
        "width": 425,
        "height": 954,
        "position": [
            23.38466453552246,
            17.276147842407227,
            222.8597412109375
        ],
        "rotation": [
            [
                -0.9954114556312561,
                0.08477606624364853,
                -0.044389452785253525
            ],
            [
                0.09385649114847183,
                0.7744300365447998,
                -0.625659167766571
            ],
            [
                -0.018664749339222908,
                -0.6269541382789612,
                -0.778833270072937
            ]
        ],
        "fy": 2990.532470703125,
        "fx": 2990.532470703125
    },
    {
        "id": 27,
        "img_name": "P1751643.jpg",
        "width": 1297,
        "height": 1619,
        "position": [
            26.64292335510254,
            -25.977008819580078,
            227.6688690185547
        ],
        "rotation": [
            [
                0.9001424312591553,
                0.36227670311927795,
                -0.2418641597032547
            ],
            [
                0.4353211224079132,
                -0.7678659558296204,
                0.4699740409851074
            ],
            [
                -0.015459973365068436,
                -0.5283331871032715,
                -0.8488955497741699
            ]
        ],
        "fy": 2990.532470703125,
        "fx": 2990.532470703125
    },
    {
        "id": 28,
        "img_name": "P3481816.jpg",
        "width": 2010,
        "height": 717,
        "position": [
            36.18535232543945,
            9.644909858703613,
            217.5521697998047
        ],
        "rotation": [
            [
                -0.6843929290771484,
                0.5232452154159546,
                -0.5077601671218872
            ],
            [
                0.7288363575935364,
                0.4717787802219391,
                -0.4962075352668762
            ],
            [
                -0.020087284967303276,
                -0.7096753716468811,
                -0.7042419910430908
            ]
        ],
        "fy": 2990.532470703125,
        "fx": 2990.532470703125
    },
    {
        "id": 29,
        "img_name": "P3601828.jpg",
        "width": 2443,
        "height": 626,
        "position": [
            40.17195510864258,
            -10.39840030670166,
            211.80572509765625
        ],
        "rotation": [
            [
                0.2799217998981476,
                0.5640294551849365,
                -0.7768610715866089
            ],
            [
                0.9595138430595398,
                -0.19071413576602936,
                0.20727019011974335
            ],
            [
                -0.031252406537532806,
                -0.8034293055534363,
                -0.5945792198181152
            ]
        ],
        "fy": 2990.532470703125,
        "fx": 2990.532470703125
    },
    {
        "id": 30,
        "img_name": "P3001768.jpg",
        "width": 1392,
        "height": 663,
        "position": [
            32.17742156982422,
            -22.876728057861328,
            217.46974182128906
        ],
        "rotation": [
            [
                0.8010042309761047,
                0.40639373660087585,
                -0.4395860433578491
            ],
            [
                0.5983554720878601,
                -0.5668452978134155,
                0.5662668943405151
            ],
            [
                -0.019050443544983864,
                -0.7166109085083008,
                -0.6972135305404663
            ]
        ],
        "fy": 2990.532470703125,
        "fx": 2990.532470703125
    },
    {
        "id": 31,
        "img_name": "P2401708.jpg",
        "width": 176,
        "height": 573,
        "position": [
            15.821590423583984,
            -27.318073272705078,
            222.9268341064453
        ],
        "rotation": [
            [
                0.9923543334007263,
                -0.10405495762825012,
                0.06637242436408997
            ],
            [
                -0.12253923714160919,
                -0.7664824724197388,
                0.630466103553772
            ],
            [
                -0.014729412272572517,
                -0.6337789297103882,
                -0.7733730673789978
            ]
        ],
        "fy": 2990.532470703125,
        "fx": 2990.532470703125
    },
    {
        "id": 32,
        "img_name": "P1831651.jpg",
        "width": 276,
        "height": 739,
        "position": [
            6.322295188903809,
            -22.30544662475586,
            228.2594451904297
        ],
        "rotation": [
            [
                0.7658145427703857,
                -0.5626777410507202,
                0.31132063269615173
            ],
            [
                -0.642098069190979,
                -0.6425977349281311,
                0.41806119680404663
            ],
            [
                -0.03517932817339897,
                -0.5200559496879578,
                -0.8534048795700073
            ]
        ],
        "fy": 2990.532470703125,
        "fx": 2990.532470703125
    },
    {
        "id": 33,
        "img_name": "P2821750.jpg",
        "width": 2122,
        "height": 653,
        "position": [
            37.18220138549805,
            8.232430458068848,
            222.65846252441406
        ],
        "rotation": [
            [
                -0.6330302357673645,
                0.6123695969581604,
                -0.4735786020755768
            ],
            [
                0.7739336490631104,
                0.48695656657218933,
                -0.4048449695110321
            ],
            [
                -0.017302896827459335,
                -0.622797429561615,
                -0.782191812992096
            ]
        ],
        "fy": 2990.532470703125,
        "fx": 2990.532470703125
    },
    {
        "id": 34,
        "img_name": "P3721840.jpg",
        "width": 726,
        "height": 749,
        "position": [
            25.963502883911133,
            -25.30268669128418,
            211.62916564941406
        ],
        "rotation": [
            [
                0.94779372215271,
                0.17412912845611572,
                -0.26714324951171875
            ],
            [
                0.3184524178504944,
                -0.5604270696640015,
                0.764533281326294
            ],
            [
                -0.016586408019065857,
                -0.8096922636032104,
                -0.5866211652755737
            ]
        ],
        "fy": 2990.532470703125,
        "fx": 2990.532470703125
    },
    {
        "id": 35,
        "img_name": "P3541822.jpg",
        "width": 2116,
        "height": 485,
        "position": [
            40.10020446777344,
            0.671046257019043,
            212.0197296142578
        ],
        "rotation": [
            [
                -0.24792712926864624,
                0.5930952429771423,
                -0.7660084962844849
            ],
            [
                0.9686664342880249,
                0.1397659182548523,
                -0.20530381798744202
            ],
            [
                -0.014704507775604725,
                -0.7929075956344604,
                -0.6091629862785339
            ]
        ],
        "fy": 2990.532470703125,
        "fx": 2990.532470703125
    },
    {
        "id": 36,
        "img_name": "P3061774.jpg",
        "width": 245,
        "height": 489,
        "position": [
            18.860923767089844,
            -27.121980667114258,
            217.50588989257812
        ],
        "rotation": [
            [
                0.9996655583381653,
                -0.015048861503601074,
                -0.021035127341747284
            ],
            [
                0.004923907108604908,
                -0.687718391418457,
                0.7259615659713745
            ],
            [
                -0.025390150025486946,
                -0.7258222699165344,
                -0.687414288520813
            ]
        ],
        "fy": 2990.532470703125,
        "fx": 2990.532470703125
    },
    {
        "id": 37,
        "img_name": "P2281696.jpg",
        "width": 2021,
        "height": 1122,
        "position": [
            35.49058532714844,
            -21.331459045410156,
            223.353271484375
        ],
        "rotation": [
            [
                0.6325418949127197,
                0.591554582118988,
                -0.49995148181915283
            ],
            [
                0.7742363810539246,
                -0.5006090998649597,
                0.38724592328071594
            ],
            [
                -0.021194228902459145,
                -0.632025957107544,
                -0.7746581435203552
            ]
        ],
        "fy": 2990.532470703125,
        "fx": 2990.532470703125
    },
    {
        "id": 38,
        "img_name": "P3661834.jpg",
        "width": 1646,
        "height": 814,
        "position": [
            35.03432846069336,
            -19.37901496887207,
            211.71165466308594
        ],
        "rotation": [
            [
                0.6741248369216919,
                0.43587160110473633,
                -0.5962979197502136
            ],
            [
                0.7385163307189941,
                -0.41112783551216125,
                0.5343863368034363
            ],
            [
                -0.012230224907398224,
                -0.8006194829940796,
                -0.5990484356880188
            ]
        ],
        "fy": 2990.532470703125,
        "fx": 2990.532470703125
    },
    {
        "id": 39,
        "img_name": "P2101678.jpg",
        "width": 1454,
        "height": 1094,
        "position": [
            30.96735191345215,
            8.497177124023438,
            228.5091094970703
        ],
        "rotation": [
            [
                -0.8351565599441528,
                0.47785675525665283,
                -0.2723348140716553
            ],
            [
                0.5497460961341858,
                0.7098459601402283,
                -0.4403385519981384
            ],
            [
                -0.017102720215916634,
                -0.51746666431427,
                -0.8555322289466858
            ]
        ],
        "fy": 2990.532470703125,
        "fx": 2990.532470703125
    },
    {
        "id": 40,
        "img_name": "P2391707.jpg",
        "width": 305,
        "height": 615,
        "position": [
            17.944549560546875,
            -28.130571365356445,
            222.9335479736328
        ],
        "rotation": [
            [
                0.997233510017395,
                -0.07329459488391876,
                0.012373976409435272
            ],
            [
                -0.06387082487344742,
                -0.7597800493240356,
                0.6470339298248291
            ],
            [
                -0.038022249937057495,
                -0.6460343599319458,
                -0.7623594403266907
            ]
        ],
        "fy": 2990.532470703125,
        "fx": 2990.532470703125
    },
    {
        "id": 41,
        "img_name": "P2121680.jpg",
        "width": 1786,
        "height": 977,
        "position": [
            33.42073440551758,
            6.496353626251221,
            228.44674682617188
        ],
        "rotation": [
            [
                -0.7280516624450684,
                0.5913960933685303,
                -0.3466922640800476
            ],
            [
                0.6853225827217102,
                0.6156119704246521,
                -0.38904446363449097
            ],
            [
                -0.016651898622512817,
                -0.5208392143249512,
                -0.8534945249557495
            ]
        ],
        "fy": 2990.532470703125,
        "fx": 2990.532470703125
    },
    {
        "id": 42,
        "img_name": "P4141882.jpg",
        "width": 985,
        "height": 764,
        "position": [
            29.318103790283203,
            15.185439109802246,
            211.6881103515625
        ],
        "rotation": [
            [
                -0.9379950761795044,
                0.22248207032680511,
                -0.2658357620239258
            ],
            [
                0.3460146486759186,
                0.5544785261154175,
                -0.7568537592887878
            ],
            [
                -0.020986288785934448,
                -0.8019075989723206,
                -0.597080409526825
            ]
        ],
        "fy": 2990.532470703125,
        "fx": 2990.532470703125
    },
    {
        "id": 43,
        "img_name": "P2371705.jpg",
        "width": 470,
        "height": 716,
        "position": [
            20.410144805908203,
            -28.44211196899414,
            222.77667236328125
        ],
        "rotation": [
            [
                0.9985290765762329,
                0.009542539715766907,
                -0.053370796144008636
            ],
            [
                0.04165729135274887,
                -0.765103280544281,
                0.6425572037696838
            ],
            [
                -0.03470325469970703,
                -0.6438353061676025,
                -0.7643752694129944
            ]
        ],
        "fy": 2990.532470703125,
        "fx": 2990.532470703125
    },
    {
        "id": 44,
        "img_name": "P1701638.jpg",
        "width": 1966,
        "height": 1068,
        "position": [
            32.443729400634766,
            -21.74443817138672,
            228.1887969970703
        ],
        "rotation": [
            [
                0.6712586879730225,
                0.6344191431999207,
                -0.38330599665641785
            ],
            [
                0.7412155270576477,
                -0.5721564292907715,
                0.3510558009147644
            ],
            [
                0.003405591007322073,
                -0.5197605490684509,
                -0.8543059229850769
            ]
        ],
        "fy": 2990.532470703125,
        "fx": 2990.532470703125
    },
    {
        "id": 45,
        "img_name": "P3521820.jpg",
        "width": 2140,
        "height": 440,
        "position": [
            39.437294006347656,
            3.293527603149414,
            217.4556427001953
        ],
        "rotation": [
            [
                -0.3911263644695282,
                0.6594387888908386,
                -0.6419980525970459
            ],
            [
                0.9201006293296814,
                0.26435625553131104,
                -0.2890179455280304
            ],
            [
                -0.020872710272669792,
                -0.7037447094917297,
                -0.7101467847824097
            ]
        ],
        "fy": 2990.532470703125,
        "fx": 2990.532470703125
    },
    {
        "id": 46,
        "img_name": "P2261694.jpg",
        "width": 2304,
        "height": 897,
        "position": [
            37.416744232177734,
            -18.506113052368164,
            223.28843688964844
        ],
        "rotation": [
            [
                0.5023722648620605,
                0.6650522947311401,
                -0.5525630116462708
            ],
            [
                0.8643732070922852,
                -0.40248167514801025,
                0.30143454670906067
            ],
            [
                -0.02193182148039341,
                -0.6290565729141235,
                -0.7770497798919678
            ]
        ],
        "fy": 2990.532470703125,
        "fx": 2990.532470703125
    },
    {
        "id": 47,
        "img_name": "P3681836.jpg",
        "width": 1464,
        "height": 900,
        "position": [
            33.121368408203125,
            -21.11134910583496,
            211.7102813720703
        ],
        "rotation": [
            [
                0.7523545026779175,
                0.3851553499698639,
                -0.5344316959381104
            ],
            [
                0.6586306095123291,
                -0.4557902216911316,
                0.5987179279327393
            ],
            [
                -0.012990828603506088,
                -0.8024417757987976,
                -0.5965912342071533
            ]
        ],
        "fy": 2990.532470703125,
        "fx": 2990.532470703125
    },
    {
        "id": 48,
        "img_name": "P3741842.jpg",
        "width": 227,
        "height": 241,
        "position": [
            21.264724731445312,
            -26.60137176513672,
            211.60557556152344
        ],
        "rotation": [
            [
                0.9954077005386353,
                0.03641560673713684,
                -0.0885280966758728
            ],
            [
                0.09322479367256165,
                -0.5788090229034424,
                0.810116171836853
            ],
            [
                -0.021739503368735313,
                -0.8146488666534424,
                -0.5795458555221558
            ]
        ],
        "fy": 2990.532470703125,
        "fx": 2990.532470703125
    },
    {
        "id": 49,
        "img_name": "P2841752.jpg",
        "width": 2098,
        "height": 458,
        "position": [
            39.11711120605469,
            4.5672149658203125,
            222.4888458251953
        ],
        "rotation": [
            [
                -0.47538667917251587,
                0.6953908205032349,
                -0.5389226675033569
            ],
            [
                0.8796544671058655,
                0.3655334413051605,
                -0.30428940057754517
            ],
            [
                -0.014606153592467308,
                -0.6187214851379395,
                -0.7854730486869812
            ]
        ],
        "fy": 2990.532470703125,
        "fx": 2990.532470703125
    },
    {
        "id": 50,
        "img_name": "P1851653.jpg",
        "width": 282,
        "height": 301,
        "position": [
            3.025709629058838,
            -18.49683952331543,
            228.208251953125
        ],
        "rotation": [
            [
                0.57866370677948,
                -0.7070509791374207,
                0.40648192167282104
            ],
            [
                -0.8148735165596008,
                -0.4807013273239136,
                0.3238923251628876
            ],
            [
                -0.03361280634999275,
                -0.5186569690704346,
                -0.8543221950531006
            ]
        ],
        "fy": 2990.532470703125,
        "fx": 2990.532470703125
    },
    {
        "id": 51,
        "img_name": "P3511819.jpg",
        "width": 2179,
        "height": 487,
        "position": [
            38.95677947998047,
            4.575550079345703,
            217.47177124023438
        ],
        "rotation": [
            [
                -0.457000732421875,
                0.6373704075813293,
                -0.6204110383987427
            ],
            [
                0.8892096877098083,
                0.31062471866607666,
                -0.3358844518661499
            ],
            [
                -0.021367434412240982,
                -0.70517498254776,
                -0.7087114453315735
            ]
        ],
        "fy": 2990.532470703125,
        "fx": 2990.532470703125
    },
    {
        "id": 52,
        "img_name": "P2141682.jpg",
        "width": 2161,
        "height": 694,
        "position": [
            35.75267028808594,
            3.303044557571411,
            228.32347106933594
        ],
        "rotation": [
            [
                -0.5736685395240784,
                0.7052309513092041,
                -0.4165964722633362
            ],
            [
                0.818908154964447,
                0.48319751024246216,
                -0.3096922039985657
            ],
            [
                -0.017106901854276657,
                -0.5188154578208923,
                -0.8547142744064331
            ]
        ],
        "fy": 2990.532470703125,
        "fx": 2990.532470703125
    },
    {
        "id": 53,
        "img_name": "P1611629.jpg",
        "width": 1980,
        "height": 312,
